0.2 0.2 0.9349695 0.9349695 0.9349695
0.9349695 0.9349695 0.6820467 0.8204897 0.8204897
0.8786734 0.8786734 0.8786734 0.5799579 0.5799579
0.8793727 0.7801668 0.7801668 0.7801668 0.7801668
0.7801668 0.7801668 0.7801668 0.7801668 0.7801668
0.7801668 0.7801668 0.7801668 0.985115 0.985115
0.985115 0.985115 0.985115 0.985115 0.985115
0.985115 0.985115 0.985115 0.985115 0.985115
0.985115 0.985115 0.985115 0.9688378 0.9688378
0.9688378 0.9688378 0.9654351 0.9654351 0.9654351
0.9654351 0.7723133 0.7723133 0.716995 0.716995
0.716995 0.716995 0.716995 0.716995 0.9887327
0.9887327 0.9887327 0.9887327 0.9887327 0.9887327
0.9887327 0.9887327 0.9887327 0.9887327 0.9887327
0.9887327 0.9887327 0.9814928 0.9814928 0.9814928
0.9814928 0.9814928 0.9814928 0.9814928 0.9814928
0.9814928 0.9814928 0.9716572 0.9716572 0.9716572
0.9716572 0.9716572 0.9716572 0.9716572 0.9716572
0.9716572 0.9716572 0.9716572 0.9716572 0.9716572
0.9716572 0.9716572 0.9716572 0.9716572 0.9716572
0.9716572 0.9716572 0.9716572 0.9716572 0.9716572
0.9716572 0.9716572 0.9716572 0.8579344 0.8579344
0.8568084 0.8568084 0.8568084 0.8568084 0.8568084
0.8568084 0.9299516 0.9299516 0.9299516 0.8778101
0.8778101 0.8778101 0.8778101 0.8778101 0.8778101
0.9839887 0.9839887 0.9839887 0.9839887 0.9839887
0.9839887 0.9839887 0.9839887 0.9839887 0.9839887
0.9839887 0.9825957 0.9825957 0.9825957 0.9825957
0.9825957 0.9825957 0.9825957 0.9825957 0.9825957
0.9825957 0.9825957 0.9825957 0.9825957 0.9825957
0.9825957 0.837206 0.837206 0.837206 0.837206
0.8798639 0.9706515 0.9706515 0.9706515 0.9706515
0.9706515 0.9706515 0.9706515 0.9706515 0.9706515
0.9706515 0.8283023 0.8283023 0.8687931 0.8687931
0.8687931 0.8687931 0.8687931 0.8687931 0.8687931
0.8687931 0.8687931 0.8687931 0.8687931 0.8687931
0.8687931 0.8687931 0.8687931 0.8687931 0.8687931
0.8687931 0.8687931 0.8687931 0.8687931 0.8687931
0.8687931 0.8687931 0.8687931 0.8535577 0.8535577
0.9380537 0.9380537 0.9380537 0.9380537 0.9380537
0.9380537 0.9380537 0.9380537 0.9380537 0.9380537
0.9380537 0.8770743 0.8131556 0.8131556 0.9728709
0.9728709 0.9728709 0.9728709 0.9728709 0.9728709
0.9728709 0.9728709 0.9728709 0.9728709 0.9728709
0.9728709 0.9728709 0.9728709 0.9728709 0.9728709
0.9728709 0.9728709 0.9728709 0.9728709 0.9970022
0.9970022 0.9970022 0.9993507 0.8887347 0.8887347
0.8887347 0.8887347 0.8887347 0.7957301 0.9569521
0.9569521 0.9569521 0.9569521 0.9569521 0.9569521
0.9569521 0.9569521 0.9569521 0.9569521 0.9569521
0.9569521 0.9569521 0.9569521 0.9569521 0.9569521
0.9569521 0.9569521 0.9569521 0.8256646 0.8256646
0.8256646 0.8992288 0.8992288 0.8992288 0.8992288
0.8992288 0.8992288 0.981008 0.8822049 0.9596901
0.9596901 0.9596901 0.9596901 0.8533161 0.8533161
0.8533161 0.8533161 0.8533161 0.8533161 0.8533161
0.8933485 0.8913168 0.8913168 0.8913168 0.8913168
0.8913168 0.8913168 0.8913168 0.8913168 0.8913168
0.8913168 0.8913168 0.8913168 0.9514144 0.9514144
0.9759655 0.9759655 0.9759655 0.9759655 0.9759655
0.9759655 0.9759655 0.9759655 0.9759655 0.9759655
0.9759655 0.9759655 0.9759655 0.9759655 0.9759655
0.9759655 0.9759655 0.9759655 0.9759655 0.9759655
0.9759655 0.9759655 0.9759655 0.9759655 0.9759655
0.9759655 0.9759655 0.9759655 0.9759655 0.9759655
0.979948 0.979948 0.8916281 0.8916281 0.8916281
0.8916281 0.8916281 0.8916281 0.8916281 0.8916281
0.8916281 0.8916281 0.9841902 0.9199478 0.9199478
0.9199478 0.9199478 0.9199478 0.8100618 0.8100618
0.8100618 0.8100618 0.8100618 0.8100618 0.9382626
0.9382626 0.9382626 0.9382626 0.9382626 0.9382626
0.9382626 0.9382626 0.9382626 0.9288852 0.9288852
0.9288852 0.9288852 0.9288852 0.9288852 0.9288852
0.9288852 0.870004 0.870004 0.8756585 0.8756585
0.8756585 0.8756585 0.8756585 0.8756585 0.8756585
0.8756585 0.8756585 0.8756585 0.8756585 0.8756585
0.8756585 0.8756585 0.5450739 0.7408684 0.7408684
0.7408684 0.7408684 0.7408684 0.8018832 0.8018832
0.8018832 0.8018832 0.8018832 0.8018832 0.8018832
0.8018832 0.8018832 0.8018832 0.7395492 0.7395492
0.7395492 0.7395492 0.7395492 0.8027292 0.8027292
0.8197456 0.8197456 0.8197456 0.8197456 0.8197456
0.851483 0.851483 0.851483 0.851483 0.851483
0.8390952 0.8390952 0.8390952 0.8430923 0.811168
0.6417193 0.8953726 0.8953726 0.8566575 0.8566575
0.794242 0.794242 0.794242 0.794242 0.794242
0.7951517 0.7482412 0.9667575 0.9667575 0.9667575
0.9667575 0.9667575 0.9667575 0.9667575 0.9667575
0.9667575 0.9667575 0.8678758 0.8678758 0.9650799
0.9650799 0.9650799 0.9553425 0.9553425 0.9553425
0.9768103 0.9768103 0.9768103 0.9768103 0.9768103
0.9768103 0.9768103 0.9768103 0.9768103 0.9768103
0.9768103 0.9768103 0.9768103 0.9768103 0.9768103
0.9768103 0.9768103 0.9768103 0.9768103 0.9596778
0.9596778 0.9596778 0.9596778 0.9585543 0.9585543
0.973396 0.973396 0.973396 0.8033477 0.587141
0.587141 0.6619862 0.6619862 0.6619862 0.6619862
0.9147386 0.9147386 0.9147386 0.9147386 0.9147386
0.9147386 0.9147386 0.9147386 0.9147386 0.9147386
0.9147386 0.9147386 0.55456 0.55456 0.55456
0.55456 0.931598 0.931598 0.931598 0.9996712
0.9996712 0.9996712 0.9996712 0.9996712 0.9996712
0.9996712 0.9996712 0.9996712 0.9996712 0.9996712
0.9996712 0.9996712 0.9996712 0.9996712 0.9996712
0.9996712 0.9996712 0.9996712 0.9640248 0.8886103
0.8886103 0.8886103 0.8886103 0.8886103 0.8886103
0.8886103 0.8886103 0.8886103 0.8886103 0.8886103
0.9540711 0.9540711 0.9540711 0.863163 0.863163
0.863163 0.8936563 0.8936563 0.8936563 0.8936563
0.8936563 0.8479295 0.8479295 0.8479295 0.8479295
0.8479295 0.8479295 0.8479295 0.8968758 0.8968758
0.8968758 0.897088 0.897088 0.897088 0.897088
0.897088 0.7580438 0.7580438 0.7580438 0.7580438
0.7580438 0.789846 0.789846 0.789846 0.667383
0.878913 0.878913 0.878913 0.878913 0.878913
0.908797 0.908797 0.908797 0.908797 0.7122422
0.7122422 0.7122422 0.7122422 0.7875168 0.7875168
0.7875168 0.7875168 0.7875168 0.7875168 0.7875168
0.8856577 0.8856577 0.8856577 0.8774788 0.8774788
0.8774788 0.8774788 0.8774788 0.8774788 0.8774788
0.8774788 0.8774788 0.8774788 0.8774788 0.8774788
0.8648167 0.8648167 0.8648167 0.8648167 0.8648167
0.8648167 0.8648167 0.8648167 0.8648167 0.8648167
0.938373 0.8588347 0.8588347 0.8588347 0.8588347
0.8588347 0.8663485 0.8663485 0.8663485 0.8663485
0.8663485 0.8663485 0.8663485 0.8663485 0.8504383
0.8504383 0.8504383 0.8504383 0.8504383 0.8504383
0.8504383 0.8504383 0.8504383 0.8504383 0.9837677
0.9837677 0.9837677 0.9837677 0.9837677 0.9837677
0.8955638 0.8955638 0.9438116 0.9438116 0.9438116
0.9438116 0.9438116 0.9438116 0.9438116 0.9438116
0.9438116 0.9438116 0.9438116 0.9438116 0.9438116
0.9438116 0.9438116 0.9438116 0.9438116 0.9438116
0.9438116 0.9438116 0.9438116 0.9438116 0.9438116
0.9438116 0.9438116 0.9438116 0.9438116 0.9438116
0.9438116 0.9438116 0.9438116 0.9438116 0.9438116
0.9438116 0.9438116 0.9438116 0.8936652 0.8936652
0.8936652 0.8936652 0.8936652 0.8936652 0.8936652
0.8936652 0.8705217 0.9021647 0.9021647 0.9021647
0.9021647 0.9021647 0.969002 0.9399915 0.9399915
0.9399915 0.9399915 0.9399915 0.9399915 0.9399915
0.9399915 0.9399915 0.9399915 0.9512084 0.9512084
0.9512084 0.9512084 0.9512084 0.9512084 0.9512084
0.9512084 0.9694091 0.9694091 0.9694091 0.9694091
0.9694091 0.9694091 0.9694091 0.828329 0.828329
0.828329 0.828329 0.828329 0.828329 0.8621046
0.9308967 0.9308967 0.9308967 0.9308967 0.9308967
0.9260859 0.7709942 0.7709942 0.7709942 0.95511
0.95511 0.95511 0.95511 0.95511 0.95511
0.95511 0.95511 0.95511 0.95511 0.95511
0.95511 0.95511 0.7156972 0.7156972 0.7156972
0.8311286 0.8311286 0.8930682 0.8930682 0.8930682
0.8930682 0.8930682 0.8930682 0.8930682 0.8930682
0.8930682 0.8930682 0.8930682 0.8930682 0.8930682
0.8930682 0.8930682 0.8930682 0.8796972 0.8796972
0.8796972 0.80397 0.80397 0.80397 0.7830049
0.9025915 0.9025915 0.9025915 0.9025915 0.9025915
0.9025915 0.9025915 0.9025915 0.9025915 0.9025915
0.9025915 0.9025915 0.9381748 0.9381748 0.9381748
0.9407983 0.9407983 0.9407983 0.9407983 0.935542
0.935542 0.935542 0.935542 0.935542 0.935542
0.935542 0.935542 0.935542 0.935542 0.935542
0.935542 0.935542 0.935542 0.935542 0.935542
0.935542 0.935542 0.935542 0.935542 0.935542
0.9751674 0.9751674 0.9625433 0.9625433 0.9625433
0.9625433 0.9625433 0.9625433 0.9625433 0.9625433
0.9625433 0.9625433 0.9625433 0.8837525 0.8837525
0.8837525 0.8837525 0.8837525 0.8287701 0.8287701
0.8287701 0.9050527 0.9050527 0.9050527 0.9050527
0.9050527 0.9050527 0.9050527 0.9050527 0.9050527
0.8481638 0.8481638 0.8481638 0.8481638 0.8927632
0.8927632 0.8927632 0.8927632 0.8927632 0.8927632
0.8927632 0.8927632 0.8927632 0.8927632 0.8927632
0.9570167 0.9570167 0.9570167 0.9636292 0.9636292
0.9636292 0.9636292 0.9636292 0.9636292 0.9636292
0.9636292 0.9636292 0.9636292 0.987405 0.987405
0.987405 0.987405 0.987405 0.987405 0.987405
0.987405 0.987405 0.987405 0.987405 0.987405
0.987405 0.987405 0.987405 0.987405 0.987405
0.9961306 0.9961306 0.9961306 0.9961306 0.9961306
0.9961306 0.9961306 0.9961306 0.9961306 0.9961306
0.9961306 0.9961306 0.9961306 0.9961306 0.9961306
0.9961306 0.9961306 0.9961306 0.8976627 0.8976627
0.8470012 0.8569902 0.8569902 0.8935881 0.9555396
0.9555396 0.8671746 0.8671746 0.8671746 0.888877
0.9039545 0.9039545 0.9039545 0.9191995 0.9191995
0.9191995 0.9191995 0.9191995 0.9191995 0.9191995
0.9191995 0.9191995 0.9191995 0.9716882 0.9822778
0.9730123 0.8882758 0.8882758 0.9496002 0.9496002
0.9496002 0.9496002 0.9496002 0.9496002 0.9496002
0.9496002 0.9496002 0.9496002 0.9496002 0.9496002
0.9496002 0.9496002 0.8435593 0.8435593 0.8435593
0.8435593 0.9951262 0.9951262 0.9951262 0.9951262
0.9951262 0.9951262 0.9951262 0.9951262 0.9951262
0.9951262 0.9951262 0.9790217 0.9790217 0.9790217
0.9790217 0.9790217 0.9790217 0.9790217 0.9790217
0.9459623 0.9459623 0.9459623 0.9459623 0.9459623
0.9459623 0.9459623 0.9459623 0.9459623 0.9459623
0.9459623 0.9459623 0.9459623 0.9459623 0.9459623
0.980582 0.879356 0.879356 0.879356 0.879356