0.2 0.9168065 0.9168065 0.9168065 0.9168065
0.9316453 0.9316453 0.9316453 0.9316453 0.9316453
0.9316453 0.9316453 0.9316453 0.9316453 0.9316453
0.9316453 0.9316453 0.9316453 0.9316453 0.9316453
0.9316453 0.9316453 0.9458938 0.9458938 0.9458938
0.9897141 0.9897141 0.9897141 0.9897141 0.9897141
0.9897141 0.9897141 0.9897141 0.9897141 0.9897141
0.9897141 0.9897141 0.9897141 0.9897141 0.9897141
0.9897141 0.9897141 0.9897141 0.9897141 0.9897141
0.9897141 0.9897141 0.9897141 0.9897141 0.9897141
0.9897141 0.9897141 0.9897141 0.863777 0.863777
0.863777 0.863777 0.863777 0.863777 0.863777
0.7634698 0.7634698 0.7939195 0.7939195 0.7939195
0.7939195 0.7939195 0.7939195 0.8381497 0.7648968
0.794996 0.794996 0.794996 0.794996 0.794996
0.794996 0.8145401 0.8378124 0.9001573 0.9001573
0.9001573 0.9001573 0.9001573 0.7595864 0.7595864
0.7595864 0.7595864 0.7595864 0.9707383 0.9707383
0.9707383 0.9707383 0.9707383 0.9707383 0.9778797
0.9778797 0.9778797 0.9446003 0.9446003 0.9446003
0.9446003 0.9614936 0.9614936 0.9614936 0.9614936
0.9079792 0.9079792 0.9828456 0.9828456 0.9828456
0.9828456 0.9828456 0.9828456 0.9828456 0.9828456
0.9828456 0.9828456 0.9828456 0.9828456 0.9828456
0.9828456 0.9828456 0.9828456 0.9828456 0.9828456
0.9100922 0.9100922 0.9100922 0.9100922 0.8324826
0.8324826 0.9002946 0.5774667 0.5774667 0.5774667
0.5774667 0.5774667 0.5774667 0.5774667 0.5774667
0.9416225 0.9416225 0.9416225 0.7467268 0.7467268
0.9915815 0.9915815 0.9339773 0.9339773 0.9339773
0.9339773 0.9339773 0.9339773 0.9339773 0.9339773
0.9339773 0.9339773 0.97727 0.97727 0.97727
0.871906 0.871906 0.871906 0.871906 0.871906
0.871906 0.871906 0.871906 0.871906 0.871906
0.871906 0.8673717 0.8673717 0.8584792 0.8584792
0.8584792 0.8584792 0.8584792 0.8584792 0.8584792
0.8584792 0.8584792 0.8584792 0.8584792 0.8584792
0.9333516 0.9333516 0.9333516 0.9333516 0.9333516
0.969236 0.969236 0.969236 0.969236 0.9868408
0.9868408 0.9868408 0.9868408 0.9868408 0.9868408
0.9396532 0.9396532 0.9914593 0.9914593 0.9914593
0.9914593 0.9914593 0.9914593 0.9914593 0.9914593
0.9914593 0.966542 0.966542 0.9069468 0.9069468
0.9657883 0.9657883 0.9101723 0.9101723 0.8786707
0.8786707 0.8786707 0.8786707 0.8786707 0.8786707
0.8786707 0.8786707 0.8786707 0.8322254 0.8322254
0.8322254 0.8322254 0.8322254 0.8322254 0.8322254
0.8322254 0.8322254 0.8286463 0.8286463 0.8286463
0.8286463 0.8286463 0.8286463 0.8286463 0.8286463
0.8286463 0.8286463 0.8286463 0.8286463 0.8286463
0.8286463 0.8286463 0.8572972 0.8572972 0.8572972
0.8572972 0.8572972 0.8572972 0.8572972 0.8572972
0.8572972 0.8572972 0.8572972 0.8572972 0.892946
0.892946 0.892946 0.892946 0.8995014 0.9113322
0.9113322 0.9113322 0.882934 0.882934 0.882934
0.882934 0.882934 0.882934 0.882934 0.882934
0.959926 0.959926 0.959926 0.959926 0.959926
0.959926 0.959926 0.9059268 0.9059268 0.8725103
0.8725103 0.8036138 0.8036138 0.8036138 0.8036138
0.8036138 0.8036138 0.8036138 0.9673844 0.9673844
0.9673844 0.9673844 0.9673844 0.9673844 0.982329
0.982329 0.982329 0.982329 0.982329 0.982329
0.982329 0.982329 0.982329 0.982329 0.982329
0.982329 0.982329 0.8157826 0.8157826 0.8157826
0.96743 0.9635484 0.9635484 0.9635484 0.9635484
0.9635484 0.9635484 0.9893304 0.9983037 0.9983037
0.9983037 0.9983037 0.9983037 0.9983037 0.9983037
0.9983037 0.9983037 0.9983037 0.9983037 0.9983037
0.9749263 0.9749263 0.9749263 0.9749263 0.9749263
0.9749263 0.9496504 0.9496504 0.9496504 0.9749722
0.9749722 0.9749722 0.9749722 0.9749722 0.9749722
0.9331592 0.9331592 0.9331592 0.9331592 0.9331592
0.9331592 0.9331592 0.9331592 0.9331592 0.9331592
0.9331592 0.9331592 0.9331592 0.9331592 0.9331592
0.9331592 0.9331592 0.9331592 0.9331592 0.9331592
0.9331592 0.9331592 0.9493404 0.9493404 0.9493404
0.9493404 0.9493404 0.9493404 0.9493404 0.9493404
0.9493404 0.9493404 0.9493404 0.8960092 0.9431321
0.9695734 0.9695734 0.9695734 0.9695734 0.9695734
0.9695734 0.9695734 0.9695734 0.8168374 0.8168374
0.9190479 0.9190479 0.9190479 0.9190479 0.9190479
0.9190479 0.9190479 0.9190479 0.805068 0.9870233
0.9870233 0.9870233 0.9870233 0.9870233 0.9870233
0.9870233 0.794712 0.794712 0.794712 0.794712
0.794712 0.794712 0.825712 0.8159297 0.8159297
0.8159297 0.8159297 0.8159297 0.8159297 0.8159297
0.9545873 0.9545873 0.9545873 0.9545873 0.9545873
0.9545873 0.9545873 0.9545873 0.9624164 0.9624164
0.9624164 0.9624164 0.9624164 0.9624164 0.9624164
0.9624164 0.9624164 0.9624164 0.9624164 0.9826623
0.9607767 0.9882698 0.9882698 0.9882698 0.9882698
0.9341611 0.9341611 0.9341611 0.9341611 0.9341611
0.9341611 0.9341611 0.9276608 0.9171189 0.9171189
0.9171189 0.9171189 0.9171189 0.9171189 0.9171189
0.9171189 0.9171189 0.9171189 0.9171189 0.8279874
0.8164332 0.8164332 0.8737854 0.8896483 0.8414067
0.8414067 0.8414067 0.7713472 0.7713472 0.8597938
0.9394148 0.9394148 0.981788 0.981788 0.981788
0.981788 0.981788 0.981788 0.981788 0.9365415
0.9365415 0.9365415 0.9365415 0.9365415 0.9365415
0.9365415 0.9365415 0.9365415 0.9365415 0.9365415
0.9365415 0.9365415 0.9365415 0.9365415 0.9365415
0.9365415 0.9365415 0.9365415 0.9365415 0.9365415
0.9365415 0.9365415 0.9365415 0.9365415 0.9365415
0.9365415 0.9365415 0.8024417 0.8024417 0.8024417
0.8847886 0.8847886 0.8847886 0.8847886 0.6804059
0.6804059 0.6804059 0.6804059 0.6804059 0.6804059
0.6804059 0.6804059 0.9578717 0.9578717 0.9578717
0.9578717 0.9578717 0.6891253 0.6859338 0.6635859
0.6635859 0.794439 0.794439 0.794439 0.794439
0.7991538 0.7991538 0.7991538 0.916238 0.9288515
0.887263 0.9432633 0.9432633 0.9432633 0.9432633
0.9432633 0.9432633 0.9432633 0.9432633 0.9432633
0.9432633 0.9432633 0.9432633 0.9432633 0.9432633
0.9432633 0.9432633 0.9432633 0.9432633 0.9662576
0.9662576 0.9662576 0.9232552 0.9962994 0.9962994
0.9962994 0.9326263 0.9326263 0.9823058 0.9823058
0.9823058 0.9150064 0.9150064 0.8110177 0.8110177
0.8776514 0.8776514 0.9005307 0.9005307 0.9005307
0.9005307 0.9005307 0.9005307 0.9005307 0.8792836
0.8792836 0.8792836 0.8792836 0.8792836 0.8792836
0.7827959 0.7827959 0.7956398 0.7956398 0.7956398
0.7956398 0.7956398 0.7956398 0.7956398 0.7956398
0.7956398 0.7956398 0.9227766 0.9227766 0.9227766
0.9227766 0.9227766 0.9227766 0.9153807 0.9153807
0.9153807 0.9153807 0.9153807 0.9153807 0.9153807
0.9153807 0.9153807 0.9153807 0.9153807 0.9153807
0.9153807 0.7245399 0.7245399 0.9477426 0.9477426
0.9477426 0.9477426 0.9477426 0.9477426 0.9477426
0.9477426 0.9477426 0.9123902 0.9123902 0.6329763
0.6329763 0.6329763 0.6329763 0.9137086 0.9137086
0.9137086 0.9073745 0.9073745 0.9073745 0.9073745
0.9073745 0.9073745 0.9073745 0.9073745 0.9073745
0.9073745 0.9073745 0.9536452 0.9536452 0.9536452
0.9536452 0.9536452 0.9536452 0.9536452 0.9501704
0.9501704 0.9501704 0.9501704 0.9501704 0.9501704
0.9501704 0.8039469 0.8039469 0.8039469 0.8039469
0.8039469 0.9811325 0.9811325 0.9811325 0.9811325
0.9811325 0.9978105 0.930857 0.930857 0.930857
0.930857 0.8923867 0.8923867 0.8923867 0.8923867
0.8923867 0.8923867 0.8923867 0.8923867 0.8923867
0.8923867 0.8921459 0.8921459 0.8921459 0.7844937
0.7844937 0.7844937 0.7844937 0.7844937 0.9992833
0.7550814 0.7550814 0.8682925 0.8682925 0.8682925
0.8682925 0.8682925 0.8682925 0.8682925 0.8682925
0.8682925 0.8682925 0.8682925 0.873876 0.873876
0.9273903 0.9273903 0.9273903 0.9273903 0.9273903
0.9273903 0.899875 0.899875 0.899875 0.9526937
0.9526937 0.8564348 0.8564348 0.8564348 0.8564348
0.8186574 0.8186574 0.8186574 0.8628227 0.8628227
0.8628227 0.8628227 0.8628227 0.823754 0.823754
0.823754 0.9160394 0.9160394 0.9160394 0.9160394
0.9160394 0.9160394 0.9160394 0.9160394 0.9160394
0.925514 0.925514 0.925514 0.925514 0.925514
0.925514 0.925514 0.7731049 0.7731049 0.7731049
0.7731049 0.7731049 0.7731049 0.7731049 0.7731049
0.7731049 0.7731049 0.7731049 0.7731049 0.8746483
0.9349285 0.9288232 0.9288232 0.9288232 0.9288232
0.9288232 0.9288232 0.9288232 0.9288232 0.9288232
0.9288232 0.9288232 0.9288232 0.9288232 0.9288232
0.759869 0.98613 0.98613 0.98613 0.98613
0.98613 0.98613 0.98613 0.98613 0.98613
0.98613 0.98613 0.98613 0.98613 0.98613
0.98613 0.98613 0.98613 0.98613 0.98613
0.8640847 0.8640847 0.8640847 0.8640847 0.8640847
0.8640847 0.9176075 0.8697177 0.8697177 0.8697177
0.9849147 0.9849147 0.8632987 0.9010928 0.9010928
0.8734322 0.8734322 0.8734322 0.8734322 0.8734322
0.8734322 0.8734322 0.8734322 0.8734322 0.8734322
0.8734322 0.9209426 0.9209426 0.9209426 0.9209426
0.9209426 0.9209426 0.9209426 0.9209426 0.9209426
0.9209426 0.9209426 0.9209426 0.9209426 0.9317111
0.9317111 0.9317111 0.9317111 0.9317111 0.9317111
0.9317111 0.9317111 0.9317111 0.9317111 0.9317111
0.9317111 0.9317111 0.9317111 0.9317111 0.9317111
0.9317111 0.9317111 0.9317111 0.9339871 0.9339871
0.9339871 0.9339871 0.9339871 0.9339871 0.9339871
0.9339871 0.9339871 0.9339871 0.9339871 0.9339871
0.9339871 0.9619304 0.9619304 0.9619304 0.9619304
0.9619304 0.9976087 0.9976087 0.9976087 0.9976087
0.9976087 0.9976087 0.9976087 0.9976087 0.9976087
0.9976087 0.9976087 0.9976087 0.9976087 0.9976087
0.9554234 0.9283733 0.7978025 0.7978025 0.7978025
0.7978025 0.7978025 0.9155195 0.9155195 0.9155195
0.8147188 0.8679631 0.8679631 0.9331793 0.9331793
0.9331793 0.9331793 0.8753594 0.8753594 0.8546892
0.9911519 0.9911519 0.9911519 0.9911519 0.9112439
0.9112439 0.9112439 0.9112439 0.9112439 0.7917355
0.7917355 0.7917355 0.7917355 0.7917355 0.7917355
0.6544967 0.9714258 0.9714258 0.9714258 0.9714258
0.9714258 0.9714258 0.9714258 0.9714258 0.9714258
0.9087367 0.9087367 0.9087367 0.9087367 0.8061253
0.8061253 0.8061253 0.8061253 0.8888582 0.8888582
0.8888582 0.8888582 0.8888582 0.8888582 0.8888582
0.8888582 0.798682 0.798682 0.7414007 0.7414007
0.7414007 0.8746132 0.9562915 0.9562915 0.9562915
0.9562915 0.9562915 0.9562915 0.9562915 0.9562915
0.9562915 0.9562915 0.9562915 0.9562915 0.9562915
0.9562915 0.9562915 0.9562915 0.9562915 0.9562915
0.9562915 0.9562915 0.9562915 0.9744835 0.9744835