0.2 0.670797 0.7275342 0.5547562 0.9703532
0.9703532 0.9703532 0.9703532 0.9703532 0.9703532
0.9703532 0.9703532 0.9703532 0.9703532 0.9703532
0.9703532 0.9703532 0.9746735 0.9746735 0.9746735
0.9100156 0.9100156 0.9100156 0.9100156 0.9100156
0.9100156 0.9100156 0.9100156 0.9100156 0.9100156
0.9100156 0.9100156 0.9100156 0.9100156 0.9100156
0.8336523 0.8336523 0.8336523 0.8336523 0.8336523
0.8336523 0.8336523 0.8336523 0.8336523 0.8336523
0.8336523 0.8336523 0.9979265 0.9979265 0.9798568
0.9798568 0.9798568 0.9798568 0.9798568 0.9798568
0.9798568 0.9798568 0.9798568 0.9798568 0.9798568
0.9798568 0.9798568 0.9798568 0.9712721 0.9712721
0.9712721 0.9712721 0.9712721 0.9712721 0.9712721
0.9055957 0.9055957 0.9055957 0.8881098 0.9223225
0.9223225 0.9223225 0.9223225 0.9223225 0.9223225
0.9223225 0.9223225 0.9223225 0.9223225 0.9223225
0.9223225 0.9223225 0.9223225 0.9223225 0.9223225
0.9223225 0.9223225 0.9223225 0.9223225 0.9223225
0.9223225 0.9223225 0.9223225 0.9223225 0.9662212
0.9662212 0.9662212 0.9662212 0.9662212 0.9662212
0.9662212 0.9662212 0.9662212 0.9662212 0.9662212
0.9662212 0.9662212 0.8029128 0.8029128 0.8029128
0.8029128 0.8029128 0.8029128 0.9765205 0.9765205
0.9765205 0.9765205 0.9765205 0.9765205 0.9765205
0.9765205 0.9765205 0.9765205 0.9765205 0.9765205
0.9765205 0.9765205 0.9765205 0.9765205 0.9765205
0.9765205 0.9765205 0.9765205 0.9765205 0.9765205
0.9765205 0.9765205 0.8907905 0.8907905 0.8907905
0.8907905 0.8874374 0.8874374 0.8874374 0.9915682
0.9915682 0.9915682 0.9915682 0.9915682 0.9915682
0.9915682 0.9915682 0.9915682 0.9528437 0.9528437
0.8993107 0.8993107 0.8993107 0.8993107 0.7477035
0.7477035 0.7477035 0.7477035 0.7695214 0.7695214
0.7695214 0.7695214 0.7695214 0.7695214 0.7695214
0.7695214 0.7695214 0.817126 0.817126 0.817126
0.8125438 0.720976 0.720976 0.720976 0.6556679
0.8760691 0.9134045 0.9134045 0.9134045 0.9134045
0.9134045 0.8667687 0.8667687 0.8667687 0.926055
0.926055 0.926055 0.926055 0.926055 0.926055
0.926055 0.926055 0.926055 0.926055 0.9613112
0.9613112 0.7615006 0.9511503 0.9511503 0.9511503
0.9511503 0.9511503 0.9511503 0.9511503 0.9511503
0.9511503 0.9511503 0.9511503 0.9511503 0.9511503
0.9511503 0.9511503 0.9511503 0.9511503 0.72415
0.72415 0.9426975 0.9426975 0.9426975 0.9426975
0.9989045 0.9989045 0.9989045 0.9989045 0.9989045
0.9989045 0.9989045 0.9989045 0.9989045 0.9356974
0.9356974 0.9356974 0.9356974 0.9356974 0.8848628
0.8848628 0.8848628 0.8848628 0.8848628 0.8848628
0.8848628 0.8848628 0.8848628 0.8848628 0.8848628
0.8848628 0.8848628 0.8848628 0.9017483 0.9017483
0.9017483 0.9017483 0.9017483 0.9017483 0.9017483
0.8105803 0.8105803 0.8105803 0.859503 0.859503
0.9539767 0.9539767 0.9539767 0.9539767 0.9693329
0.9693329 0.9693329 0.9693329 0.9693329 0.9693329
0.843264 0.843264 0.843264 0.9669219 0.9669219
0.9600518 0.9600518 0.9600518 0.9600518 0.9600518
0.9600518 0.9600518 0.9600518 0.9600518 0.9600518
0.9600518 0.9600518 0.9600518 0.9600518 0.9600518
0.9600518 0.9600518 0.9957711 0.756075 0.756075
0.756075 0.8757087 0.8790362 0.8790362 0.7739145
0.953405 0.953405 0.953405 0.953405 0.953405
0.953405 0.953405 0.960584 0.960584 0.960584
0.9871177 0.9403113 0.9403113 0.9403113 0.9242588
0.9242588 0.9242588 0.9242588 0.9242588 0.9242588
0.9140802 0.9140802 0.9140802 0.9140802 0.9140802
0.7115854 0.7115854 0.7115854 0.992257 0.9464935
0.9464935 0.9464935 0.9464935 0.9464935 0.9464935
0.9464935 0.9464935 0.9464935 0.9464935 0.9750848
0.9750848 0.9750848 0.9750848 0.9750848 0.992902
0.992902 0.992902 0.992902 0.992902 0.992902
0.992902 0.9249892 0.9249892 0.9249892 0.9249892
0.937427 0.937427 0.937427 0.8376705 0.9927622
0.871714 0.871714 0.871714 0.871714 0.871714
0.871714 0.871714 0.871714 0.871714 0.871714
0.871714 0.871714 0.871714 0.871714 0.871714
0.871714 0.871714 0.871714 0.871714 0.871714
0.871714 0.871714 0.871714 0.871714 0.871714
0.6921924 0.6921924 0.6921924 0.8336837 0.9989926
0.9989926 0.9989926 0.9989926 0.9989926 0.9989926
0.9100114 0.9100114 0.9100114 0.9100114 0.829925
0.793797 0.793797 0.793797 0.793797 0.793797
0.793797 0.793797 0.793797 0.9641379 0.9641379
0.9641379 0.9641379 0.9641379 0.8673353 0.8673353
0.8673353 0.8673353 0.8673353 0.8673353 0.8673353
0.8673353 0.8673353 0.8673353 0.8673353 0.7798418
0.651053 0.651053 0.651053 0.651053 0.651053
0.651053 0.7732355 0.7732355 0.9930777 0.8595168
0.8595168 0.8595168 0.8595168 0.8595168 0.8595168
0.8595168 0.8595168 0.8595168 0.8595168 0.8595168
0.9306857 0.9306857 0.9306857 0.9306857 0.9306857
0.8436651 0.8436651 0.8436651 0.9648737 0.9648737
0.9648737 0.9648737 0.8243158 0.8243158 0.8243158
0.9843624 0.9843624 0.9843624 0.9843624 0.9843624
0.9843624 0.9843624 0.9843624 0.9843624 0.9843624
0.9843624 0.9843624 0.9843624 0.9843624 0.9843624
0.9843624 0.9843624 0.9843624 0.9843624 0.8409525
0.8409525 0.8409525 0.8409525 0.9404238 0.9404238
0.9404238 0.9404238 0.9404238 0.9404238 0.9404238
0.9404238 0.9404238 0.9404238 0.9404238 0.9764195
0.9764195 0.984418 0.9287334 0.9287334 0.9287334
0.9287334 0.9287334 0.9287334 0.9287334 0.9287334
0.9287334 0.9287334 0.9287334 0.9828963 0.9828963
0.9828963 0.9828963 0.9828963 0.9828963 0.9828963
0.9828963 0.9828963 0.9828963 0.9828963 0.9828963
0.8674416 0.8674416 0.8674416 0.8674416 0.9603477
0.9603477 0.9603477 0.9603477 0.9603477 0.9603477
0.9603477 0.9603477 0.9603477 0.9603477 0.9603477
0.9603477 0.9603477 0.9603477 0.9603477 0.9603477
0.9603477 0.9603477 0.9603477 0.9603477 0.9603477
0.9603477 0.9603477 0.9603477 0.9043354 0.9043354
0.9043354 0.987521 0.987521 0.987521 0.987521
0.987521 0.987521 0.987521 0.987521 0.987521
0.987521 0.987521 0.987521 0.987521 0.987521
0.987521 0.987521 0.987521 0.987521 0.987521
0.987521 0.987521 0.987521 0.987521 0.987521
0.987521 0.987521 0.987521 0.987521 0.987521
0.987521 0.987521 0.987521 0.987521 0.987521
0.987521 0.987521 0.8389172 0.8389172 0.9650183
0.9650183 0.9650183 0.8094213 0.8094213 0.8094213
0.8094213 0.7926665 0.7926665 0.7926665 0.7926665
0.7926665 0.7926665 0.8522213 0.8522213 0.8522213
0.8522213 0.8522213 0.9929803 0.9929803 0.9929803
0.9929803 0.9929803 0.8687662 0.8687662 0.8687662
0.9239628 0.8820826 0.8820826 0.8820826 0.8820826
0.8820826 0.8820826 0.8820826 0.8820826 0.8820826
0.8820826 0.8524312 0.8524312 0.8524312 0.8524312
0.8524312 0.8524312 0.8524312 0.8524312 0.8524312
0.8524312 0.8524312 0.8524312 0.8524312 0.9587274
0.9587274 0.9587274 0.9587274 0.9587274 0.9332481
0.9332481 0.5513374 0.5513374 0.7353398 0.7482336
0.7482336 0.7482336 0.7671717 0.7671717 0.8907702
0.8907702 0.8907702 0.9218268 0.756662 0.756662
0.756662 0.756662 0.756662 0.756662 0.8373851
0.8373851 0.8373851 0.8373851 0.7155236 0.851482
0.974028 0.9812234 0.9812234 0.9893647 0.9893647
0.9893647 0.9893647 0.9893647 0.9893647 0.9893647
0.9893647 0.9916052 0.9916052 0.9916052 0.9916052
0.9916052 0.9916052 0.9916052 0.9916052 0.809521
0.809521 0.809521 0.809521 0.809521 0.809521
0.8748818 0.8748818 0.8748818 0.8748818 0.8748818
0.8748818 0.8203379 0.8203379 0.8203379 0.8203379
0.8203379 0.8203379 0.8203379 0.8203379 0.9539547
0.9539547 0.9539547 0.9539547 0.9539547 0.9539547
0.9539547 0.9539547 0.9539547 0.9539547 0.9539547
0.9539547 0.9539547 0.9539547 0.9539547 0.9539547
0.9539547 0.9539547 0.9539547 0.9539547 0.9539547
0.9539547 0.9539547 0.9539547 0.9539547 0.9539547
0.9539547 0.9539547 0.9539547 0.9469287 0.8772205
0.8772205 0.8772205 0.8772205 0.8711335 0.8779808
0.8779808 0.8779808 0.8779808 0.8779808 0.8779808
0.8779808 0.8779808 0.8779808 0.8779808 0.8779808
0.8779808 0.8779808 0.8779808 0.8779808 0.8779808
0.8779808 0.9728304 0.9728304 0.9728304 0.9728304
0.8655654 0.8655654 0.8655654 0.8655654 0.8655654
0.8655654 0.8705721 0.8705721 0.8705721 0.8705721
0.8705721 0.8705721 0.8705721 0.8705721 0.8705721
0.8705721 0.9919886 0.9919886 0.9919886 0.9919886
0.9919886 0.9919886 0.926411 0.926411 0.926411
0.9629787 0.9629787 0.9629787 0.9629787 0.9629787
0.9629787 0.9629787 0.9629787 0.952743 0.952743
0.952743 0.952743 0.952743 0.952743 0.986981
0.986981 0.986981 0.986981 0.986981 0.986981
0.986981 0.8431612 0.8431612 0.8431612 0.8385384
0.8385384 0.8385384 0.8385384 0.8385384 0.8385384
0.8567395 0.8567395 0.8567395 0.8567395 0.8567395
0.8567395 0.8567395 0.8567395 0.8567395 0.8567395
0.8567395 0.8567395 0.8567395 0.8734778 0.8734778
0.8734778 0.8734778 0.8734778 0.8734778 0.8734778
0.8734778 0.8734778 0.8799552 0.8799552 0.8838191
0.8838191 0.890187 0.9733975 0.9733975 0.9733975
0.9733975 0.9733975 0.9879317 0.9057092 0.9057092
0.9057092 0.9057092 0.98312 0.98312 0.913184
0.913184 0.886337 0.886337 0.886337 0.9389707
0.9389707 0.9389707 0.9389707 0.9389707 0.9389707
0.9389707 0.9389707 0.9389707 0.9389707 0.9389707
0.9389707 0.9389707 0.8934386 0.8934386 0.8934386
0.8934386 0.8934386 0.8934386 0.9932564 0.9932564
0.9932564 0.9932564 0.9932564 0.9932564 0.9932564
0.9932564 0.9932564 0.9932564 0.9932564 0.9932564
0.9932564 0.9932564 0.9436026 0.9125069 0.9125069
0.9125069 0.9125069 0.9125069 0.895781 0.8761386
0.938454 0.938454 0.938454 0.938454 0.938454
0.9940797 0.9940797 0.9940797 0.9940797 0.9940797
0.9940797 0.9940797 0.9940797 0.9940797 0.9940797
0.9940797 0.9940797 0.9940797 0.9940797 0.9940797
0.9940797 0.9940797 0.9940797 0.9940797 0.9940797
0.9940797 0.9940797 0.9940797 0.9940797 0.9940797
0.9940797 0.9940797 0.9940797 0.9940797 0.9940797
0.9940797 0.9940797 0.9940797 0.9062336 0.9062336
0.9062336 0.9564696 0.9564696 0.9564696 0.9564696
0.9564696 0.9196881 0.9196881 0.9196881 0.9196881
0.7181567 0.9929258 0.9929258 0.9929258 0.8866027
0.8866027 0.8934255 0.8934255 0.8934255 0.952759
0.952759 0.952759 0.952759 0.8747424 0.910005
0.910005 0.910005 0.910005 0.910005 0.910005
0.910005 0.910005 0.910005 0.910005 0.910005
0.910005 0.910005 0.910005 0.9987561 0.82889
0.9343295 0.9343295 0.9343295 0.9343295 0.9343295