0.2 0.701479 0.701479 0.701479 0.701479
0.701479 0.5960493 0.5960493 0.5960493 0.6106385
0.6106385 0.8843542 0.8843542 0.8135964 0.8135964
0.7602717 0.7602717 0.7602717 0.7608068 0.7608068
0.925654 0.914518 0.914518 0.9860903 0.9860903
0.9860903 0.9860903 0.9860903 0.9860903 0.9860903
0.9860903 0.9860903 0.9860903 0.9860903 0.9860903
0.9860903 0.9860903 0.9860903 0.9860903 0.9860903
0.9860903 0.9860903 0.9860903 0.9860903 0.9860903
0.9860903 0.877917 0.877917 0.877917 0.877917
0.877917 0.9211243 0.9211243 0.9211243 0.9211243
0.9211243 0.9211243 0.6787596 0.6787596 0.6787596
0.6787596 0.6787596 0.6787596 0.8030008 0.8030008
0.8030008 0.8030008 0.8030008 0.8030008 0.9457654
0.97673 0.97673 0.97673 0.97673 0.97673
0.97673 0.97673 0.97673 0.97673 0.97673
0.97673 0.950075 0.950075 0.950075 0.950075
0.950075 0.950075 0.950075 0.950075 0.950075
0.950075 0.950075 0.950075 0.950075 0.950075
0.950075 0.950075 0.950075 0.950075 0.950075
0.950075 0.950075 0.950075 0.950075 0.950075
0.950075 0.950075 0.950075 0.950075 0.950075
0.950075 0.995117 0.995117 0.995117 0.995117
0.995117 0.995117 0.995117 0.995117 0.995117
0.995117 0.995117 0.995117 0.995117 0.995117
0.995117 0.9064381 0.9064381 0.9064381 0.9064381
0.9064381 0.9064381 0.9443699 0.9443699 0.9443699
0.9443699 0.9443699 0.9443699 0.8918616 0.8918616
0.9082334 0.9082334 0.9082334 0.9082334 0.9082334
0.9082334 0.9082334 0.9082334 0.9082334 0.9082334
0.875742 0.875742 0.875742 0.875742 0.875742
0.875742 0.875742 0.9206683 0.9206683 0.9206683
0.9608812 0.9608812 0.9488573 0.9488573 0.9299115
0.9299115 0.9299115 0.9299115 0.9299115 0.7934591
0.7934591 0.7311422 0.6999474 0.6999474 0.6999474
0.9888421 0.9888421 0.9888421 0.9888421 0.9888421
0.9490699 0.9490699 0.9490699 0.9490699 0.843375
0.843375 0.843375 0.843375 0.7831977 0.7831977
0.7831977 0.7831977 0.7831977 0.6748928 0.6748928
0.7805474 0.8243377 0.6594366 0.6594366 0.8618538
0.8618538 0.8618538 0.857969 0.857969 0.925137
0.925137 0.925137 0.925137 0.925137 0.9852785
0.9852785 0.9852785 0.9852785 0.9852785 0.9852785
0.9852785 0.985125 0.985125 0.985125 0.7718087
0.7718087 0.6211468 0.6713859 0.6713859 0.6713859
0.7077114 0.7077114 0.7077114 0.7077114 0.7077114
0.9510968 0.9510968 0.9139902 0.9139902 0.9139902
0.9139902 0.9139902 0.9139902 0.9139902 0.9139902
0.9139902 0.9139902 0.9139902 0.9139902 0.9139902
0.8373837 0.8373837 0.8373837 0.8373837 0.9761805
0.9761805 0.9761805 0.9761805 0.9761805 0.9761805
0.9761805 0.9761805 0.9761805 0.9761805 0.9761805
0.7656106 0.8927531 0.8927531 0.9971512 0.9971512
0.9971512 0.9463288 0.9463288 0.9463288 0.9463288
0.9463288 0.9463288 0.9463288 0.910566 0.910566
0.910566 0.9423086 0.9423086 0.9423086 0.9423086
0.9423086 0.9276861 0.9276861 0.9276861 0.9276861
0.9276861 0.8819878 0.9279063 0.9279063 0.9279063
0.9279063 0.9279063 0.9279063 0.9279063 0.9279063
0.9279063 0.9279063 0.9279063 0.9279063 0.9279063
0.9279063 0.9279063 0.9279063 0.9279063 0.9279063
0.9279063 0.9279063 0.9481388 0.9481388 0.9481388
0.9481388 0.9481388 0.9481388 0.9481388 0.9481388
0.9481388 0.9481388 0.9481388 0.9481388 0.9481388
0.9481388 0.9481388 0.9481388 0.9481388 0.9481388
0.9481388 0.9481388 0.9481388 0.9481388 0.9481388
0.9481388 0.9481388 0.9481388 0.9481388 0.9481388
0.9481388 0.9481388 0.9481388 0.9481388 0.9481388
0.9481388 0.9481388 0.9481388 0.9481388 0.9481388
0.9481388 0.9481388 0.9806354 0.9806354 0.9806354
0.9806354 0.9806354 0.9806354 0.9806354 0.8972188
0.8972188 0.8972188 0.8972188 0.8972188 0.8972188
0.8972188 0.899128 0.899128 0.899128 0.7602774
0.81159 0.81159 0.81159 0.720188 0.720188
0.9896584 0.9896584 0.9896584 0.8208786 0.8208786
0.8208786 0.8208786 0.8208786 0.8441092 0.8441092
0.8441092 0.8441092 0.8441092 0.8441092 0.8776698
0.8776698 0.8776698 0.8776698 0.8776698 0.8776698
0.8776698 0.8776698 0.8776698 0.8725705 0.8725705
0.8725705 0.8725705 0.8725705 0.8725705 0.8725705
0.8725705 0.8725705 0.9729714 0.9729714 0.9729714
0.9729714 0.9729714 0.9729714 0.9729714 0.9729714
0.9729714 0.9729714 0.9729714 0.9729714 0.9729714
0.9729714 0.9655155 0.9655155 0.9655155 0.8527363
0.8527363 0.8527363 0.8527363 0.8527363 0.8527363
0.7868251 0.7075416 0.770418 0.770418 0.770418
0.770418 0.770418 0.770418 0.770418 0.770418
0.770418 0.770418 0.7430152 0.7430152 0.7430152
0.8804798 0.8804798 0.8804798 0.8804798 0.8804798
0.8804798 0.8804798 0.9010802 0.9010802 0.9010802
0.9010802 0.9010802 0.9010802 0.9010802 0.9010802
0.9010802 0.9164105 0.9164105 0.9164105 0.9164105
0.9164105 0.9164105 0.9164105 0.9164105 0.9164105
0.9164105 0.8007048 0.9783834 0.9783834 0.9783834
0.9783834 0.9783834 0.9783834 0.9783834 0.9783834
0.9783834 0.9783834 0.9783834 0.9783834 0.9865428
0.9865428 0.9865428 0.9865428 0.9865428 0.9865428
0.9865428 0.9865428 0.9865428 0.9865428 0.9865428
0.9865428 0.9865428 0.9865428 0.9865428 0.9865428
0.9865428 0.9865428 0.9865428 0.9865428 0.9865428
0.9865428 0.9865428 0.9865428 0.9865428 0.9865428
0.9865428 0.9865428 0.9865428 0.9865428 0.9865428
0.9865428 0.9865428 0.9865428 0.9865428 0.9865428
0.9865428 0.9865428 0.9865428 0.9349932 0.9173739
0.9173739 0.9173739 0.9173739 0.9173739 0.9173739
0.9173739 0.9173739 0.9173739 0.8812587 0.8812587
0.8812587 0.8812587 0.8812587 0.8812587 0.8812587
0.8812587 0.8812587 0.8812587 0.8812587 0.9589552
0.9589552 0.9589552 0.9589552 0.9589552 0.9773679
0.9773679 0.9773679 0.9773679 0.9773679 0.9773679
0.9773679 0.9773679 0.9773679 0.9773679 0.9773679
0.9773679 0.9773679 0.9773679 0.9379554 0.9379554
0.9379554 0.8993562 0.8993562 0.8993562 0.8993562
0.8993562 0.9129805 0.9129805 0.9129805 0.9129805
0.9129805 0.9129805 0.9129805 0.9129805 0.893319
0.9350148 0.9350148 0.9350148 0.9350148 0.6296323
0.9152419 0.9152419 0.9152419 0.9152419 0.9183735
0.9183735 0.9183735 0.9183735 0.9183735 0.9183735
0.9183735 0.9183735 0.9183735 0.9183735 0.9183735
0.9183735 0.9183735 0.9688608 0.9688608 0.9688608
0.9688608 0.9688608 0.9688608 0.9688608 0.943783
0.943783 0.9521288 0.9521288 0.9521288 0.9521288
0.9521288 0.855679 0.855679 0.855679 0.855679
0.855679 0.855679 0.855679 0.9106888 0.9106888
0.9106888 0.9106888 0.8852687 0.8852687 0.8852687
0.8852687 0.8852687 0.7839278 0.7839278 0.7839278
0.8478131 0.8478131 0.8478131 0.8478131 0.8560378
0.8560378 0.8560378 0.8560378 0.9650172 0.9650172
0.9650172 0.9650172 0.9650172 0.9650172 0.9650172
0.9650172 0.9650172 0.6841351 0.841878 0.841878
0.841878 0.841878 0.841878 0.841878 0.841878
0.841878 0.841878 0.841878 0.841878 0.841878
0.841878 0.841878 0.841878 0.841878 0.81005
0.7005129 0.870156 0.870156 0.870156 0.870156
0.870156 0.870156 0.818589 0.818589 0.818589
0.818589 0.682617 0.8901074 0.8901074 0.8901074
0.7928722 0.7653952 0.7653952 0.7653952 0.7653952
0.7653952 0.7653952 0.9138536 0.9138536 0.9138536
0.9138536 0.9754259 0.9754259 0.9754259 0.9754259
0.9754259 0.9754259 0.9754259 0.9754259 0.9658348
0.9658348 0.9658348 0.9658348 0.9658348 0.9658348
0.9658348 0.9658348 0.9658348 0.9658348 0.9658348
0.9658348 0.9658348 0.9658348 0.9658348 0.9658348
0.9658348 0.9658348 0.9658348 0.9658348 0.9658348
0.9658348 0.9658348 0.9658348 0.9658348 0.9658348
0.9658348 0.9658348 0.9658348 0.9658348 0.9658348
0.9658348 0.9658348 0.9560087 0.9560087 0.9560087
0.9560087 0.9560087 0.9560087 0.9560087 0.9560087
0.9560087 0.9560087 0.9560087 0.7261785 0.7261785
0.7361998 0.7005801 0.7861302 0.7861302 0.7861302
0.681227 0.7634898 0.7634898 0.7634898 0.7634898
0.7634898 0.7634898 0.796601 0.919755 0.919755
0.919755 0.8362166 0.8362166 0.811967 0.811967
0.811967 0.811967 0.811967 0.958579 0.958579
0.958579 0.958579 0.902268 0.902268 0.902268
0.902268 0.902268 0.902268 0.902268 0.9128616
0.9128616 0.9128616 0.9128616 0.9661361 0.9661361
0.9661361 0.9661361 0.9661361 0.9661361 0.9661361
0.9992976 0.9992976 0.9992976 0.9992976 0.9992976
0.9992976 0.9992976 0.9992976 0.9992976 0.9992976
0.9513679 0.9513679 0.9766611 0.9766611 0.9766611
0.9766611 0.9405155 0.9405155 0.9405155 0.9405155
0.9405155 0.9405155 0.6511602 0.6511602 0.6511602
0.6511602 0.6511602 0.956286 0.956286 0.956286
0.7637674 0.766163 0.8883069 0.8883069 0.8883069
0.8883069 0.922375 0.8654297 0.8654297 0.8654297
0.8654297 0.8654297 0.6977341 0.6977341 0.6977341
0.6977341 0.6977341 0.6977341 0.7897497 0.9381274
0.945967 0.945967 0.945967 0.945967 0.945967
0.945967 0.945967 0.9360465 0.9360465 0.9360465
0.9360465 0.9360465 0.9360465 0.9360465 0.9360465
0.8827843 0.8827843 0.8827843 0.8827843 0.8827843
0.8827843 0.8827843 0.8827843 0.8827843 0.8827843
0.8827843 0.8827843 0.9938062 0.9938062 0.9938062
0.9938062 0.8488333 0.8488333 0.6526539 0.6526539
0.6526539 0.6526539 0.6933889 0.6933889 0.6161038
0.9396808 0.9396808 0.9396808 0.9396808 0.9396808
0.9396808 0.9396808 0.9396808 0.9396808 0.9396808
0.9396808 0.9396808 0.9396808 0.9396808 0.9003216
0.9003216 0.8430074 0.8430074 0.8430074 0.8430074
0.8430074 0.8430074 0.8430074 0.8581402 0.8581402
0.869874 0.869874 0.869874 0.869874 0.869874
0.869874 0.869874 0.8846731 0.8846731 0.8846731
0.8846731 0.8846731 0.9121493 0.9121493 0.9121493
0.9121493 0.9121493 0.959648 0.9695398 0.9695398
0.843006 0.843006 0.843006 0.843006 0.843006
0.8877107 0.8877107 0.8877107 0.9810452 0.9810452
0.9810452 0.9810452 0.9810452 0.9810452 0.9810452
0.9810452 0.958077 0.958077 0.9672863 0.9672863
0.7994608 0.7994608 0.7994608 0.9619478 0.9619478
0.9776742 0.9776742 0.9776742 0.9776742 0.9776742
0.9776742 0.9776742 0.9776742 0.9776742 0.9776742
0.9776742 0.9776742 0.9776742 0.9776742 0.9776742
0.9776742 0.9027289 0.9027289 0.8434148 0.8434148
0.8434148 0.8434148 0.8434148 0.8434148 0.8331696
0.905236 0.905236 0.905236 0.905236 0.8712697
0.8712697 0.8627069 0.8627069 0.8627069 0.9058532
0.9058532 0.9058532 0.9058532 0.8748095 0.8748095
0.8748095 0.8748095 0.8748095 0.8748095 0.9767046
0.9260596 0.9308119 0.9308119 0.9308119 0.9308119