0.2 0.5147919 0.618899 0.618899 0.618899
0.618899 0.679737 0.7502408 0.7502408 0.7502408
0.7502408 0.777749 0.777749 0.777749 0.777749
0.777749 0.777749 0.777749 0.777749 0.7266736
0.7266736 0.7266736 0.7266736 0.7266736 0.7266736
0.7266736 0.7266736 0.7266736 0.6230311 0.8666472
0.8666472 0.8666472 0.8666472 0.8666472 0.7953284
0.9835227 0.9218764 0.9218764 0.9218764 0.9218764
0.9218764 0.9218764 0.9218764 0.9218764 0.9857205
0.8442695 0.8442695 0.8442695 0.8442695 0.8442695
0.8442695 0.8442695 0.8442695 0.8442695 0.8745378
0.8745378 0.8745378 0.879152 0.879152 0.879152
0.879152 0.8608247 0.8608247 0.8608247 0.8608247
0.8608247 0.8608247 0.8608247 0.8608247 0.8608247
0.8608247 0.8608247 0.8608247 0.8608247 0.8608247
0.8608247 0.8608247 0.8608247 0.8608247 0.8608247
0.8608247 0.8608247 0.8608247 0.8608247 0.8608247
0.8608247 0.8608247 0.8608247 0.8608247 0.8608247
0.8608247 0.8608247 0.8608247 0.85913 0.794662
0.9205729 0.9205729 0.9205729 0.9205729 0.9205729
0.9205729 0.9205729 0.9205729 0.9205729 0.9205729
0.9205729 0.9205729 0.9205729 0.9240317 0.9240317
0.9240317 0.9240317 0.9240317 0.9240317 0.9240317
0.9240317 0.9770258 0.9770258 0.9770258 0.9770258
0.9770258 0.9770258 0.9770258 0.9770258 0.9770258
0.9770258 0.9770258 0.9770258 0.9770258 0.9770258
0.9770258 0.9770258 0.7861444 0.7861444 0.7861444
0.7861444 0.7861444 0.7861444 0.876732 0.876732
0.876732 0.876732 0.876732 0.876732 0.876732
0.8401634 0.8401634 0.8076934 0.8076934 0.8076934
0.8076934 0.8076934 0.8076934 0.9954422 0.9954422
0.976745 0.976745 0.7546992 0.9204335 0.9204335
0.8887661 0.8887661 0.8887661 0.9661 0.9661
0.9661 0.9661 0.9661 0.9661 0.9661
0.9661 0.9521739 0.9521739 0.9521739 0.9521739
0.9521739 0.9521739 0.9521739 0.9521739 0.9521739
0.9521739 0.9576633 0.7339033 0.7339033 0.7339033
0.9282921 0.9282921 0.7504282 0.7504282 0.97162
0.97162 0.97162 0.97162 0.97162 0.97162
0.8389117 0.8389117 0.8389117 0.8389117 0.945186
0.945186 0.945186 0.945186 0.945186 0.945186
0.945186 0.945186 0.945186 0.945186 0.945186
0.6792384 0.6792384 0.949463 0.949463 0.949463
0.949463 0.949463 0.949463 0.949463 0.949463
0.949463 0.949463 0.949463 0.949463 0.949463
0.949463 0.9029549 0.9029549 0.8498143 0.8498143
0.8498143 0.8498143 0.8498143 0.8498143 0.8498143
0.8498143 0.8498143 0.8498143 0.8498143 0.6407873
0.5809121 0.8934875 0.8934875 0.8741982 0.8741982
0.8741982 0.746081 0.746081 0.9559095 0.9882098
0.9985806 0.9985806 0.9985806 0.9780775 0.9780775
0.9780775 0.9780775 0.9780775 0.9780775 0.9780775
0.9780775 0.9851581 0.9851581 0.9851581 0.9851581
0.9851581 0.9851581 0.9851581 0.9851581 0.9851581
0.9851581 0.9851581 0.9851581 0.9316983 0.9316983
0.857934 0.857934 0.857934 0.8552919 0.7773416
0.8393926 0.8393926 0.8393926 0.7012789 0.7012789
0.7292197 0.7810808 0.7810808 0.7810808 0.7810808
0.7810808 0.7810808 0.7810808 0.7810808 0.7810808
0.7810808 0.7810808 0.7810808 0.7810808 0.8160112
0.8160112 0.9358069 0.9358069 0.9518639 0.9518639
0.9518639 0.9518639 0.9518639 0.9518639 0.9518639
0.9518639 0.9518639 0.9518639 0.9518639 0.9518639
0.9518639 0.9518639 0.9518639 0.9518639 0.9518639
0.9518639 0.8044077 0.8044077 0.8044077 0.8044077
0.8044077 0.8044077 0.8044077 0.9173329 0.9173329
0.9173329 0.9173329 0.9173329 0.9527893 0.9527893
0.9527893 0.963713 0.963713 0.963713 0.963713
0.963713 0.963713 0.963713 0.963713 0.963713
0.963713 0.963713 0.930574 0.930574 0.930574
0.930574 0.930574 0.930574 0.930574 0.930574
0.930574 0.930574 0.9639285 0.9639285 0.9639285
0.9639285 0.9639285 0.9639285 0.8437692 0.8534687
0.8534687 0.8534687 0.8534687 0.8534687 0.9676005
0.9676005 0.9778527 0.9778527 0.9778527 0.9778527
0.9778527 0.9778527 0.9778527 0.9778527 0.8527975
0.9764755 0.9764755 0.9764755 0.9764755 0.9764755
0.9764755 0.9764755 0.9764755 0.9764755 0.9764755
0.9764755 0.9764755 0.7932303 0.7932303 0.7932303
0.7932303 0.7932303 0.7932303 0.8962075 0.8962075
0.8962075 0.8962075 0.8820345 0.8820345 0.911792
0.911792 0.911792 0.911792 0.911792 0.911792
0.911792 0.911792 0.882965 0.882965 0.882965
0.882965 0.882965 0.882965 0.882965 0.882965
0.882965 0.882965 0.8537915 0.8537915 0.8537915
0.8537915 0.8903936 0.8903936 0.8903936 0.8903936
0.7140625 0.7140625 0.7140625 0.7720468 0.7720468
0.7720468 0.7720468 0.7720468 0.9578387 0.9578387
0.9578387 0.9578387 0.9578387 0.9578387 0.9578387
0.945769 0.945769 0.945769 0.945769 0.945769
0.945769 0.945769 0.945769 0.7738721 0.8515809
0.8515809 0.8515809 0.8515809 0.8838625 0.8838625
0.8838625 0.8838625 0.8838625 0.8838625 0.8838625
0.8838625 0.8838625 0.8838625 0.8838625 0.8838625
0.8838625 0.8838625 0.9058056 0.9058056 0.9058056
0.9058056 0.9058056 0.9058056 0.9058056 0.8348382
0.8348382 0.8348382 0.8348382 0.8348382 0.9810433
0.9810433 0.9810433 0.9810433 0.9810433 0.9810433
0.9810433 0.9810433 0.9810433 0.9810433 0.9810433
0.9810433 0.9810433 0.9810433 0.9810433 0.9810433
0.9810433 0.9810433 0.9810433 0.9810433 0.9810433
0.9810433 0.9810433 0.9810433 0.9810433 0.9810433
0.9810433 0.9810433 0.9810433 0.9810433 0.9810433
0.9810433 0.9810433 0.9810433 0.9263448 0.9263448
0.9263448 0.9263448 0.9148814 0.9148814 0.9148814
0.9148814 0.9375515 0.9375515 0.9375515 0.9375515
0.9375515 0.9375515 0.9375515 0.9375515 0.7925436
0.7925436 0.7925436 0.7925436 0.8604811 0.8604811
0.8604811 0.93666 0.93666 0.9974568 0.9974568
0.9974568 0.9974568 0.9974568 0.9974568 0.9974568
0.9974568 0.9974568 0.9974568 0.9974568 0.9142854
0.9142854 0.9142854 0.9142854 0.9142854 0.9142854
0.9142854 0.9856237 0.9856237 0.9856237 0.9856237
0.9856237 0.9856237 0.9856237 0.8822298 0.8822298
0.8822298 0.8822298 0.8822298 0.8822298 0.8822298
0.8822298 0.8822298 0.8822298 0.8822298 0.8822298
0.8822298 0.8822298 0.8822298 0.8107666 0.8107666
0.8107666 0.8107666 0.8107666 0.805206 0.805206
0.805206 0.805206 0.805206 0.805206 0.9936483
0.9936483 0.9936483 0.9936483 0.9936483 0.9936483
0.9936483 0.9936483 0.9936483 0.9936483 0.9936483
0.9936483 0.99743 0.99743 0.99743 0.99743
0.99743 0.99743 0.99743 0.99743 0.99743
0.99743 0.99743 0.99743 0.99743 0.99743
0.99743 0.99743 0.99743 0.99743 0.99743
0.99743 0.99743 0.99743 0.99743 0.99743
0.99743 0.99743 0.99743 0.99743 0.99743
0.99743 0.99743 0.99743 0.99743 0.99743
0.9639791 0.9639791 0.6613536 0.6613536 0.8498413
0.8498413 0.8498413 0.8498413 0.8498413 0.8498413
0.8498413 0.8498413 0.8498413 0.8498413 0.8498413
0.9045851 0.9045851 0.9045851 0.9045851 0.9045851
0.8988098 0.8988098 0.8988098 0.8434296 0.8434296
0.9173248 0.9173248 0.9173248 0.9173248 0.9571849
0.9571849 0.9571849 0.8088051 0.8088051 0.8088051
0.8088051 0.8088051 0.9757257 0.9757257 0.9757257
0.9757257 0.9757257 0.9757257 0.9757257 0.939809
0.939809 0.939809 0.9493304 0.9147793 0.9147793
0.9147793 0.9147793 0.9147793 0.9147793 0.9147793
0.86684 0.86684 0.86684 0.86684 0.940338
0.9020524 0.9020524 0.9020524 0.9020524 0.9020524
0.9020524 0.9020524 0.8511195 0.8511195 0.8511195
0.8511195 0.8511195 0.9815456 0.9815456 0.9815456
0.9815456 0.9815456 0.9815456 0.9815456 0.9815456
0.9815456 0.9815456 0.9815456 0.9815456 0.9815456
0.9815456 0.9815456 0.9815456 0.9815456 0.9815456
0.9815456 0.9815456 0.9841446 0.9841446 0.9841446
0.9841446 0.9841446 0.9841446 0.9841446 0.9841446
0.9841446 0.9841446 0.9841446 0.9298224 0.9298224
0.9298224 0.9298224 0.9298224 0.9298224 0.9264277
0.9264277 0.9264277 0.9264277 0.973071 0.973071
0.9968853 0.9968853 0.9968853 0.9968853 0.8835534
0.8835534 0.8922666 0.8922666 0.8922666 0.8922666
0.8922666 0.8922666 0.8922666 0.8922666 0.8922666
0.8922666 0.8922666 0.979953 0.9415783 0.9415783
0.9415783 0.9415783 0.9415783 0.9415783 0.9415783
0.9503535 0.9503535 0.8502598 0.8502598 0.8502598
0.8502598 0.8265594 0.8265594 0.8265594 0.8265594
0.8265594 0.8265594 0.8265594 0.8265594 0.7825906
0.9110684 0.857065 0.8636868 0.8636868 0.8636868
0.8878574 0.8878574 0.9435139 0.7956418 0.7956418
0.7956418 0.7956418 0.7956418 0.7956418 0.9756343
0.9756343 0.9756343 0.9756343 0.9756343 0.9756343
0.9895952 0.9895952 0.9895952 0.9895952 0.9869709
0.9869709 0.9869709 0.994489 0.994489 0.994489
0.994489 0.994489 0.994489 0.994489 0.994489
0.994489 0.994489 0.994489 0.994489 0.994489
0.994489 0.994489 0.994489 0.994489 0.994489
0.994489 0.994489 0.994489 0.586515 0.7044694
0.7044694 0.7044694 0.7044694 0.9824072 0.9824072
0.9824072 0.9824072 0.9824072 0.9824072 0.9824072
0.9824072 0.9824072 0.9824072 0.9713855 0.9713855
0.9713855 0.9713855 0.9713855 0.9713855 0.9713855
0.9713855 0.9713855 0.9713855 0.9713855 0.9713855
0.9713855 0.9713855 0.9713855 0.9713855 0.9713855
0.9713855 0.9713855 0.9713855 0.9713855 0.9713855
0.9713855 0.9713855 0.9713855 0.9713855 0.9713855
0.9713855 0.9713855 0.9713855 0.976956 0.976956
0.976956 0.976956 0.976956 0.9063675 0.9860886
0.9860886 0.9591938 0.9591938 0.9591938 0.9591938
0.9591938 0.9591938 0.9591938 0.9591938 0.9591938
0.9591938 0.7818149 0.7818149 0.8379639 0.8379639
0.8379639 0.8379639 0.8379639 0.9128573 0.9128573
0.9128573 0.9128573 0.9268309 0.9268309 0.9268309
0.9268309 0.9268309 0.9268309 0.9268309 0.9268309
0.9268309 0.9268309 0.9268309 0.9268309 0.9268309
0.9268309 0.750669 0.750669 0.750669 0.750669
0.750669 0.750669 0.750669 0.7433308 0.9736854
0.9342424 0.9342424 0.867755 0.867755 0.867755
0.867755 0.867755 0.867755 0.867755 0.867755
0.867755 0.867755 0.818219 0.818219 0.818219
0.818219 0.818219 0.818219 0.6481016 0.8117265
0.9255494 0.7834024 0.7834024 0.7834024 0.7834024
0.7834024 0.9684659 0.9684659 0.9684659 0.9684659
0.9684659 0.9684659 0.9684659 0.9684659 0.9684659
0.9684659 0.9684659 0.9666054 0.9666054 0.9666054
0.9666054 0.9666054 0.9666054 0.8378054 0.8378054
0.8378054 0.8378054 0.8378054 0.8378054 0.8702543
0.8702543 0.8702543 0.8702543 0.8702543 0.8759797
0.9762639 0.9762639 0.9762639 0.9762639 0.9762639