0.2 0.5043374 0.5043374 0.5043374 0.3760727
0.7989346 0.7989346 0.7989346 0.7989346 0.9541704
0.9541704 0.9541704 0.9541704 0.9541704 0.9541704
0.9541704 0.9541704 0.9541704 0.9541704 0.9541704
0.9289555 0.9289555 0.9289555 0.9289555 0.9289555
0.9848705 0.9848705 0.9848705 0.9848705 0.9848705
0.9848705 0.9848705 0.9848705 0.9848705 0.9848705
0.9848705 0.9848705 0.9848705 0.9739996 0.9739996
0.9739996 0.9739996 0.9872602 0.9753336 0.9753336
0.9753336 0.9753336 0.9753336 0.9753336 0.9753336
0.9753336 0.9753336 0.9753336 0.9753336 0.9753336
0.9753336 0.9753336 0.9753336 0.9753336 0.9753336
0.9753336 0.9753336 0.9753336 0.9753336 0.9753336
0.9753336 0.9753336 0.9753336 0.9753336 0.9753336
0.9753336 0.9753336 0.9753336 0.9753336 0.9753336
0.9753336 0.9753336 0.9753336 0.9753336 0.9753336
0.9753336 0.9753336 0.9753336 0.9753336 0.9753336
0.9753336 0.9753336 0.9753336 0.9753336 0.9753336
0.9753336 0.9753336 0.9753336 0.9753336 0.9375748
0.9375748 0.9187139 0.6994752 0.6994752 0.6994752
0.5391541 0.5391541 0.6397099 0.6397099 0.6397099
0.6397099 0.6397099 0.6397099 0.6397099 0.8905019
0.8905019 0.8905019 0.8905019 0.8905019 0.8905019
0.9374016 0.9374016 0.9374016 0.9374016 0.9374016
0.9374016 0.9374016 0.9374016 0.9374016 0.9374016
0.9374016 0.9374016 0.9374016 0.9374016 0.9374016
0.9374016 0.9374016 0.9374016 0.9374016 0.9374016
0.9374016 0.9374016 0.9374016 0.9374016 0.9374016
0.9537412 0.9537412 0.9537412 0.9537412 0.9537412
0.9537412 0.9537412 0.9537412 0.8326107 0.8326107
0.8326107 0.886329 0.886329 0.7951878 0.7289934
0.7289934 0.7023577 0.9967996 0.9967996 0.9967996
0.9967996 0.9967996 0.9967996 0.9967996 0.9967996
0.9967996 0.995451 0.995451 0.995451 0.995451
0.995451 0.995451 0.995451 0.995451 0.995451
0.995451 0.995451 0.995451 0.995451 0.995451
0.995451 0.995451 0.995451 0.995451 0.995451
0.995451 0.9920309 0.9920309 0.9920309 0.9920309
0.9920309 0.9920309 0.9920309 0.9920309 0.7776252
0.9231887 0.9231887 0.7681565 0.7681565 0.7681565
0.7681565 0.7681565 0.7681565 0.6722137 0.6722137
0.6722137 0.6722137 0.6722137 0.8467606 0.8467606
0.8467606 0.863878 0.863878 0.863878 0.863878
0.863878 0.9454916 0.9454916 0.9454916 0.9210602
0.9210602 0.951218 0.951218 0.951218 0.951218
0.951218 0.951218 0.951218 0.9383859 0.9383859
0.9383859 0.9383859 0.9383859 0.9801906 0.9801906
0.9801906 0.9801906 0.9801906 0.9801906 0.9801906
0.9801906 0.9801906 0.9801906 0.9801906 0.9801906
0.9801906 0.9801906 0.9801906 0.9801906 0.9801906
0.9801906 0.9801906 0.9801906 0.9801906 0.9801906
0.9798474 0.9798474 0.9798474 0.9798474 0.9798474
0.9798474 0.9798474 0.9798474 0.9798474 0.9798474
0.9798474 0.9798474 0.9798474 0.9028886 0.9028886
0.9028886 0.9028886 0.9028886 0.9028886 0.9028886
0.9028886 0.9028886 0.9028886 0.862644 0.7632076
0.7632076 0.7632076 0.7632076 0.7632076 0.7632076
0.7632076 0.7632076 0.9309918 0.9309918 0.9309918
0.9309918 0.9309918 0.9309918 0.9309918 0.9309918
0.9309918 0.9309918 0.9309918 0.9309918 0.9309918
0.9205082 0.9205082 0.9205082 0.9205082 0.9205082
0.9205082 0.9205082 0.785861 0.9596496 0.9596496
0.9596496 0.9596496 0.9596496 0.9596496 0.9596496
0.9596496 0.7022049 0.7022049 0.7022049 0.7022049
0.7022049 0.7022049 0.9510797 0.9510797 0.9510797
0.9510797 0.9510797 0.9510797 0.9510797 0.9510797
0.9510797 0.9510797 0.9510797 0.9510797 0.8443891
0.8443891 0.7909496 0.7909496 0.7909496 0.7909496
0.7909496 0.9911886 0.9911886 0.9911886 0.9911886
0.9911886 0.9911886 0.9911886 0.9911886 0.9911886
0.9911886 0.9911886 0.9911886 0.9911886 0.9911886
0.9911886 0.9911886 0.9911886 0.9911886 0.9911886
0.9911886 0.9911886 0.9911886 0.9911886 0.9911886
0.9911886 0.9911886 0.9911886 0.9911886 0.9911886
0.9911886 0.9779696 0.9779696 0.9779696 0.9779696
0.9779696 0.9779696 0.9779696 0.9779696 0.9779696
0.9779696 0.7668238 0.7668238 0.9231127 0.9231127
0.9231127 0.9231127 0.9231127 0.9231127 0.9231127
0.8610777 0.8610777 0.8610777 0.8610777 0.8610777
0.8610777 0.8610777 0.8610777 0.8610777 0.9459347
0.9459347 0.9480379 0.9480379 0.9480379 0.9480379
0.9995567 0.9995567 0.9369708 0.9369708 0.9369708
0.9369708 0.9369708 0.9369708 0.9369708 0.9369708
0.9369708 0.9798595 0.9770332 0.9770332 0.9770332
0.9770332 0.9770332 0.9770332 0.9770332 0.9770332
0.9770332 0.9770332 0.9770332 0.9770332 0.9770332
0.641941 0.8470272 0.8353636 0.8353636 0.8353636
0.9103077 0.9103077 0.9103077 0.9103077 0.9103077
0.9103077 0.9103077 0.9103077 0.9103077 0.8470328
0.8470328 0.8470328 0.9515944 0.9712271 0.9712271
0.9712271 0.9712271 0.9712271 0.9712271 0.9712271
0.9471769 0.9471769 0.9905534 0.9905534 0.9905534
0.9905534 0.9905534 0.9905534 0.9905534 0.9905534
0.9905534 0.9905534 0.9905534 0.9905534 0.9905534
0.9905534 0.9905534 0.9905534 0.9905534 0.9905534
0.9905534 0.9905534 0.9905534 0.9905534 0.9637646
0.9637646 0.9637646 0.9637646 0.997178 0.997178
0.997178 0.997178 0.997178 0.997178 0.997178
0.997178 0.997178 0.997178 0.997178 0.997178
0.997178 0.997178 0.997178 0.997178 0.9780648
0.9780648 0.9780648 0.9780648 0.9553777 0.9553777
0.9553777 0.9553777 0.9553777 0.9553777 0.9553777
0.9553777 0.9553777 0.9553777 0.9553777 0.9553777
0.9553777 0.9553777 0.9553777 0.98289 0.98289
0.8971764 0.8971764 0.9539602 0.9539602 0.9539602
0.9539602 0.9539602 0.9539602 0.9539602 0.9539602
0.9539602 0.969076 0.969076 0.969076 0.9500819
0.9500819 0.9500819 0.9500819 0.9500819 0.9500819
0.9500819 0.8224048 0.8224048 0.8043332 0.9612486
0.9612486 0.9612486 0.9612486 0.9612486 0.9612486
0.9612486 0.9612486 0.9612486 0.9612486 0.9612486
0.9612486 0.9612486 0.9612486 0.9990186 0.9990186
0.9990186 0.9990186 0.9990186 0.9990186 0.9990186
0.9990186 0.9990186 0.9990186 0.9990186 0.9990186
0.9990186 0.9990186 0.9990186 0.8803319 0.8803319
0.8803319 0.8803319 0.8803319 0.8574641 0.8574641
0.9208863 0.9208863 0.9208863 0.9208863 0.9858786
0.9858786 0.9858786 0.9858786 0.9955832 0.9955832
0.9955832 0.9955832 0.9955832 0.9955832 0.9955832
0.9955832 0.9955832 0.9955832 0.9955832 0.9955832
0.9955832 0.9955832 0.9955832 0.9955832 0.9955832
0.9955832 0.9955832 0.9955832 0.8463611 0.8463611
0.8463611 0.8463611 0.8463611 0.941575 0.941575
0.941575 0.941575 0.941575 0.941575 0.941575
0.941575 0.941575 0.9443447 0.9443447 0.9443447
0.9443447 0.9443447 0.9443447 0.9443447 0.9443447
0.9443447 0.9443447 0.9443447 0.9443447 0.712794
0.870331 0.870331 0.8253651 0.9154914 0.9154914
0.9154914 0.9154914 0.9154914 0.9887813 0.9887813
0.9887813 0.9887813 0.9887813 0.9887813 0.9887813
0.9887813 0.996885 0.996885 0.996885 0.996885
0.996885 0.8355059 0.8355059 0.8355059 0.8355059
0.8043966 0.8043966 0.8043966 0.8043966 0.9958001
0.9958001 0.9958001 0.9958001 0.9958001 0.9958001
0.9958001 0.9958001 0.9958001 0.9958001 0.9958001
0.9958001 0.9958001 0.9958001 0.9958001 0.9958001
0.9958001 0.9958001 0.9958001 0.9761806 0.9761806
0.9358166 0.9335198 0.9335198 0.9335198 0.9335198
0.9335198 0.9942693 0.9791259 0.9791259 0.936402
0.936402 0.936402 0.936402 0.936402 0.936402
0.936402 0.936402 0.936402 0.936402 0.936402
0.936402 0.9385173 0.9776857 0.9776857 0.658558
0.658558 0.658558 0.8191553 0.8191553 0.8191553
0.8191553 0.8191553 0.7887464 0.7887464 0.7887464
0.7887464 0.7887464 0.7887464 0.7887464 0.9517669
0.9517669 0.9517669 0.9517669 0.9517669 0.9517669
0.9517669 0.9517669 0.9517669 0.9517669 0.9517669
0.9517669 0.9517669 0.9517669 0.9517669 0.9517669
0.9517669 0.9517669 0.9517669 0.9517669 0.9517669
0.9517669 0.9517669 0.9517669 0.9517669 0.9517669
0.9517669 0.9517669 0.9517669 0.9517669 0.9681237
0.9681237 0.9681237 0.9681237 0.9681237 0.9681237
0.9681237 0.9681237 0.9681237 0.9681237 0.9681237
0.9681237 0.9681237 0.9681237 0.9681237 0.9681237
0.9681237 0.9681237 0.9681237 0.9681237 0.9681237
0.9681237 0.9681237 0.9785508 0.9785508 0.9785508
0.9785508 0.9785508 0.9785508 0.9785508 0.9785508
0.9785508 0.9785508 0.9785508 0.9785508 0.9785508
0.9785508 0.9785508 0.9785508 0.9785508 0.9785508
0.9785508 0.9785508 0.9785508 0.9576752 0.9576752
0.863937 0.863937 0.863937 0.9925947 0.9925947
0.9925947 0.9925947 0.9925947 0.9925947 0.9925947
0.9925947 0.9925947 0.9925947 0.9925947 0.9925947
0.9925947 0.9925947 0.9925947 0.9925947 0.9925947
0.9925947 0.9925947 0.9925947 0.9925947 0.9925947
0.9925947 0.9228804 0.9228804 0.9228804 0.9228804
0.9228804 0.9228804 0.9228804 0.9228804 0.9228804
0.9228804 0.9228804 0.9228804 0.9997699 0.9626069
0.9626069 0.9626069 0.9626069 0.8619484 0.8619484
0.8619484 0.8619484 0.8619484 0.8619484 0.9306346
0.9306346 0.9306346 0.9306346 0.9721406 0.9721406
0.9721406 0.9721406 0.9721406 0.9721406 0.9721406
0.9721406 0.9721406 0.9721406 0.9721406 0.9721406
0.8651867 0.8651867 0.8651867 0.8651867 0.8651867
0.8651867 0.8651867 0.8651867 0.8651867 0.7953204
0.7953204 0.7953204 0.9207053 0.9207053 0.9207053
0.8811207 0.8811207 0.8811207 0.8811207 0.9097455
0.9097455 0.9097455 0.9097455 0.9097455 0.9097455
0.9097455 0.9097455 0.9097455 0.9097455 0.9097455
0.9097455 0.9097455 0.9097455 0.9097455 0.9097455
0.9097455 0.9097455 0.9097455 0.9097455 0.9536644
0.8890962 0.8890962 0.8890962 0.8890962 0.8890962
0.9398841 0.9398841 0.9398841 0.9398841 0.8780342
0.6382258 0.6382258 0.6382258 0.8701412 0.8701412
0.8701412 0.8701412 0.8701412 0.8701412 0.8701412
0.8701412 0.8701412 0.9589717 0.9589717 0.9589717
0.9589717 0.9589717 0.9589717 0.9589717 0.9589717
0.9589717 0.9589717 0.9589717 0.9589717 0.9589717
0.9589717 0.9987904 0.9987904 0.9987904 0.9987904
0.9987904 0.9987904 0.9987904 0.9987904 0.9987904
0.9987904 0.9987904 0.9987904 0.9987904 0.9987904
0.9987904 0.9987904 0.9987904 0.9987904 0.9987904
0.9987904 0.9987904 0.9987904 0.9987904 0.9987904
0.9987904 0.9987904 0.9987904 0.9987904 0.9987904
0.9987904 0.9987904 0.9987904 0.9987904 0.9987904
0.9987904 0.9987904 0.9987904 0.9987904 0.9987904
0.9987904 0.9640814 0.9640814 0.9640814 0.9640814
0.9640814 0.9640814 0.9640814 0.9640814 0.9640814
0.9640814 0.9640814 0.7840554 0.7840554 0.7840554
0.9325712 0.9325712 0.9325712 0.9325712 0.9325712