0.2 0.4236208 0.7809956 0.9365303 0.9365303
0.9365303 0.9365303 0.9365303 0.868912 0.868912
0.868912 0.868912 0.868912 0.868912 0.6386245
0.3953389 0.6592596 0.6592596 0.952541 0.952541
0.952541 0.952541 0.952541 0.952541 0.952541
0.952541 0.952541 0.952541 0.952541 0.952541
0.952541 0.9324958 0.9324958 0.9324958 0.9324958
0.9324958 0.9324958 0.9346942 0.9346942 0.9346942
0.9346942 0.9346942 0.9346942 0.9346942 0.9346942
0.9346942 0.9346942 0.9346942 0.9346942 0.9286
0.9286 0.972344 0.972344 0.972344 0.972344
0.972344 0.972344 0.972344 0.972344 0.8925285
0.8925285 0.8925285 0.8925285 0.8925285 0.9011764
0.9011764 0.9011764 0.9011764 0.9011764 0.8999784
0.8999784 0.8999784 0.8999784 0.8999784 0.8999784
0.8304639 0.8304639 0.8304639 0.8304639 0.8304639
0.8304639 0.926466 0.926466 0.926466 0.926466
0.9256993 0.9256993 0.9256993 0.9256993 0.9449321
0.9449321 0.9449321 0.8129125 0.8129125 0.7346754
0.7346754 0.7346754 0.7346754 0.7346754 0.7346754
0.7346754 0.7346754 0.7346754 0.6903676 0.7157
0.7395077 0.8938461 0.917262 0.9201097 0.9201097
0.9201097 0.9201097 0.9201097 0.9201097 0.9201097
0.9201097 0.9201097 0.9201097 0.9201097 0.9201097
0.9201097 0.9201097 0.9201097 0.9201097 0.9201097
0.9201097 0.8277734 0.8277734 0.8429905 0.8429905
0.8429905 0.8429905 0.8429905 0.8429905 0.8282742
0.8282742 0.9994423 0.9994423 0.9994423 0.9994423
0.9647117 0.9647117 0.9647117 0.9647117 0.9919788
0.9919788 0.9919788 0.9919788 0.9919788 0.9919788
0.9919788 0.9919788 0.9919788 0.9919788 0.9919788
0.9919788 0.9919788 0.9202299 0.9202299 0.9202299
0.9202299 0.9202299 0.9202299 0.9202299 0.9202299
0.9202299 0.9202299 0.9202299 0.9202299 0.9202299
0.9202299 0.9202299 0.9202299 0.9202299 0.9202299
0.9202299 0.9202299 0.9202299 0.9202299 0.9202299
0.998384 0.998384 0.998384 0.998384 0.9690661
0.9690661 0.9690661 0.9690661 0.9690661 0.9690661
0.9690661 0.9690661 0.9690661 0.9690661 0.9690661
0.8230646 0.8230646 0.8821062 0.8821062 0.8821062
0.9197147 0.9197147 0.9197147 0.9197147 0.9197147
0.9197147 0.9197147 0.9197147 0.9197147 0.9197147
0.9197147 0.9197147 0.9197147 0.9197147 0.9197147
0.9197147 0.9197147 0.9197147 0.9197147 0.9197147
0.9197147 0.9197147 0.9197147 0.9197147 0.9197147
0.9197147 0.9197147 0.9197147 0.896423 0.896423
0.896423 0.896423 0.896423 0.8048577 0.8080083
0.8080083 0.8080083 0.8080083 0.8631632 0.8631632
0.9415702 0.9415702 0.9415702 0.9415702 0.9415702
0.9415702 0.9415702 0.9415702 0.9415702 0.9415702
0.9415702 0.9415702 0.9415702 0.9415702 0.9415702
0.9415702 0.9415702 0.9415702 0.8603457 0.778383
0.8931655 0.8931655 0.8931655 0.8931655 0.9487038
0.9487038 0.9487038 0.9487038 0.9487038 0.9487038
0.9487038 0.9487038 0.9487038 0.9487038 0.9487038
0.9487038 0.9487038 0.9487038 0.9487038 0.9487038
0.9487038 0.9487038 0.9487038 0.9487038 0.9487038
0.9487038 0.9487038 0.9487038 0.9487038 0.9487038
0.7287745 0.7287745 0.799473 0.799473 0.799473
0.799473 0.799473 0.799473 0.799473 0.799473
0.799473 0.799473 0.8693774 0.8693774 0.8647517
0.8647517 0.8647517 0.8647517 0.8647517 0.8647517
0.8647517 0.8647517 0.8647517 0.8647517 0.8647517
0.8647517 0.6168768 0.845164 0.7846008 0.7846008
0.8319402 0.8319402 0.8319402 0.8319402 0.8319402
0.9826998 0.979136 0.979136 0.979136 0.979136
0.979136 0.8667053 0.8667053 0.8667053 0.8667053
0.8667053 0.9243571 0.8388658 0.8388658 0.681747
0.681747 0.8104091 0.8368858 0.8671365 0.8671365
0.8671365 0.8671365 0.8671365 0.8671365 0.8671365
0.8671365 0.8671365 0.8671365 0.9157387 0.9157387
0.9157387 0.9157387 0.9157387 0.9157387 0.9157387
0.9157387 0.9596335 0.9596335 0.9596335 0.9596335
0.9596335 0.9596335 0.9596335 0.9596335 0.9596335
0.9596335 0.9596335 0.9596335 0.968305 0.968305
0.968305 0.968305 0.968305 0.968305 0.968305
0.968305 0.968305 0.968305 0.968305 0.9314399
0.9314399 0.922445 0.922445 0.896782 0.896782
0.896782 0.9235633 0.9235633 0.9235633 0.9235633
0.9235633 0.9235633 0.9235633 0.9235633 0.9235633
0.802752 0.802752 0.802752 0.9132913 0.9132913
0.9132913 0.9132913 0.9132913 0.8384028 0.9496314
0.9496314 0.9496314 0.9496314 0.9496314 0.9496314
0.9496314 0.9496314 0.9496314 0.9496314 0.9496314
0.9496314 0.9496314 0.9478148 0.9478148 0.9478148
0.9478148 0.9478148 0.9478148 0.9478148 0.9478148
0.9478148 0.9478148 0.9478148 0.9478148 0.9478148
0.9478148 0.9478148 0.9478148 0.9478148 0.9478148
0.9851124 0.9851124 0.9851124 0.9851124 0.9851124
0.9851124 0.9851124 0.9851124 0.9851124 0.9851124
0.9851124 0.9851124 0.9851124 0.9851124 0.9851124
0.9851124 0.9851124 0.9851124 0.9851124 0.9851124
0.9851124 0.7428084 0.6818119 0.8910991 0.8910991
0.8910991 0.8910991 0.8910991 0.8910991 0.8910991
0.8910991 0.9980666 0.9980666 0.9980666 0.9980666
0.9980666 0.9983632 0.9983632 0.9983632 0.9983632
0.9676887 0.9676887 0.990823 0.990823 0.990823
0.990823 0.990823 0.990823 0.990823 0.990823
0.990823 0.9391376 0.8157692 0.8157692 0.8157692
0.989584 0.989584 0.989584 0.989584 0.989584
0.989584 0.989584 0.989584 0.989584 0.989584
0.989584 0.989584 0.989584 0.989584 0.989584
0.989584 0.989584 0.7576125 0.7576125 0.8729066
0.974192 0.974192 0.974192 0.974192 0.974192
0.974192 0.974192 0.974192 0.974192 0.974192
0.974192 0.974192 0.974192 0.974192 0.9635737
0.9635737 0.9635737 0.9635737 0.9635737 0.9635737
0.9635737 0.9635737 0.9635737 0.9635737 0.9635737
0.9635737 0.9635737 0.9635737 0.9635737 0.9635737
0.9635737 0.9635737 0.9635737 0.9635737 0.9635737
0.9635737 0.9635737 0.9635737 0.9635737 0.9635737
0.9635737 0.9635737 0.9635737 0.9635737 0.9385758
0.9385758 0.9385758 0.9385758 0.9385758 0.9385758
0.9385758 0.9385758 0.9385758 0.9385758 0.9385758
0.9385758 0.9358195 0.9358195 0.9358195 0.9358195
0.9358195 0.9409593 0.9409593 0.9409593 0.9409593
0.9409593 0.9409593 0.9187412 0.9187412 0.9187412
0.9187412 0.9187412 0.9196895 0.990618 0.990618
0.990618 0.990618 0.8204324 0.928458 0.928458
0.928458 0.928458 0.965705 0.965705 0.965705
0.965705 0.965705 0.965705 0.965705 0.965705
0.965705 0.965705 0.965705 0.965705 0.965705
0.965705 0.965705 0.965705 0.965705 0.965705
0.965705 0.965705 0.965705 0.965705 0.965705
0.845175 0.845175 0.845175 0.845175 0.9661588
0.9661588 0.9661588 0.9661588 0.9661588 0.9661588
0.960519 0.960519 0.960519 0.960519 0.960519
0.7641686 0.7641686 0.7641686 0.7641686 0.7641686
0.6582588 0.6582588 0.6582588 0.7075145 0.6974401
0.6974401 0.6974401 0.6974401 0.6974401 0.9469618
0.919679 0.919679 0.919679 0.919679 0.919679
0.919679 0.919679 0.919679 0.919679 0.919679
0.919679 0.919679 0.919679 0.919679 0.919679
0.9986114 0.9986114 0.9986114 0.9986114 0.9986114
0.9986114 0.8997041 0.9369807 0.9369807 0.9369807
0.9369807 0.9641514 0.9641514 0.9641514 0.9641514
0.9641514 0.9641514 0.8800823 0.9546374 0.9546374
0.9546374 0.9546374 0.9546374 0.9546374 0.9546374
0.9546374 0.9546374 0.9546374 0.9801814 0.9700482
0.9700482 0.9700482 0.9700482 0.9700482 0.9700482
0.9700482 0.9700482 0.9700482 0.9700482 0.9700482
0.9700482 0.9700482 0.9700482 0.9700482 0.9700482
0.9700482 0.9700482 0.9700482 0.9700482 0.9700482
0.9329793 0.9329793 0.9994828 0.9994828 0.9994828
0.9994828 0.9994828 0.9994828 0.9994828 0.9994828
0.9994828 0.9994828 0.9994828 0.9994828 0.9994828
0.9994828 0.9994828 0.9994828 0.9408986 0.9408986
0.9408986 0.9408986 0.9408986 0.9408986 0.9408986
0.9408986 0.9408986 0.8818575 0.8818575 0.8818575
0.9615935 0.9615935 0.9615935 0.9615935 0.9615935
0.9615935 0.9615935 0.9615935 0.9615935 0.9615935
0.9615935 0.9615935 0.9615935 0.9615935 0.9615935
0.9615935 0.9615935 0.9615935 0.9615935 0.9410637
0.9099727 0.9099727 0.9099727 0.9099727 0.9099727
0.9099727 0.9099727 0.9099727 0.96495 0.8395387
0.8395387 0.8395387 0.8395387 0.8395387 0.8395387
0.8395387 0.8395387 0.8395387 0.802453 0.802453
0.7896527 0.7896527 0.7896527 0.8492426 0.8492426
0.8492426 0.892304 0.8776499 0.8776499 0.9074422
0.9074422 0.9074422 0.9074422 0.8321146 0.8321146
0.8321146 0.944987 0.944987 0.944987 0.9082647
0.9082647 0.9433257 0.8308511 0.8308511 0.8308511
0.9276098 0.9276098 0.9276098 0.9276098 0.9276098
0.9310455 0.9310455 0.9310455 0.9310455 0.9310455
0.9310455 0.9310455 0.9994622 0.9994622 0.9597306
0.9597306 0.9597306 0.9597306 0.9597306 0.9597306
0.9597306 0.9597306 0.9597306 0.9597306 0.9597306
0.9597306 0.9597306 0.9597306 0.9597306 0.9597306
0.8777796 0.8777796 0.8777796 0.8777796 0.8777796
0.8777796 0.8992354 0.8992354 0.8992354 0.8992354
0.9208509 0.7609645 0.8810845 0.9555596 0.9555596
0.9555596 0.82687 0.82687 0.7931555 0.7931555
0.8006695 0.8006695 0.8006695 0.8006695 0.8006695
0.9097595 0.9097595 0.9097595 0.8928759 0.8928759
0.8928759 0.8928759 0.8928759 0.8928759 0.8928759
0.8928759 0.8928759 0.858012 0.858012 0.858012
0.858012 0.858012 0.7013526 0.7013526 0.7013526
0.7013526 0.7121123 0.7764628 0.7764628 0.7764628
0.7764628 0.8596477 0.8596477 0.8596477 0.8918203
0.8918203 0.9606374 0.9606374 0.9606374 0.8910188
0.8910188 0.8910188 0.8910188 0.8910188 0.8910188
0.8910188 0.8910188 0.8910188 0.8910188 0.965613
0.965613 0.965613 0.9412604 0.9412604 0.9412604
0.9412604 0.9412604 0.9412604 0.9412604 0.9412604
0.9412604 0.9412604 0.9412604 0.9412604 0.9412604
0.845991 0.845991 0.9809598 0.9809598 0.9809598
0.9809598 0.9809598 0.9809598 0.9809598 0.9809598
0.9809598 0.9809598 0.9809598 0.9809598 0.9809598
0.9809598 0.9809598 0.9809598 0.9809598 0.9809598
0.9809598 0.9809598 0.9809598 0.9809598 0.9809598
0.9809598 0.9809598 0.9809598 0.9809598 0.9809598
0.9809598 0.9809598 0.928018 0.928018 0.928018
0.9403734 0.9403734 0.9403734 0.9403734 0.9403734
0.8384549 0.8384549 0.8384549 0.8384549 0.9070736
0.9070736 0.9070736 0.9070736 0.9070736 0.9070736
0.8740025 0.8740025 0.8740025 0.9325571 0.9325571
0.9325571 0.9161317 0.9161317 0.9161317 0.9161317
0.9161317 0.9161317 0.9161317 0.9161317 0.9161317
0.9161317 0.9161317 0.9161317 0.9161317 0.9161317
0.9161317 0.9161317 0.9161317 0.900172 0.900172