0.164762072672164
0.457145367496788
-0.00523910280607064
-0.0884371230848733
0.00983760876319094
0.383117771291047
0.184530479968484
-0.0739666303602761
-0.245900062943001
0.0986186737784986
-0.178754671356248
-0.00866394184944617
-0.154182134254329
-0.542919485877906
-0.00794690874420651
-0.0325683545432272
0.442760293941036
0.0939155347944914
-0.142234780479038
-0.0266156104262007
-0.540259349971268
0.139242453362413
-0.342994110405199
0.153118122451896
0.295428322073233
0.596096922966990
-0.130840393297166
-0.334164937678022
0.648862958387274
-0.0271637297978779
-0.151656970027590
-0.218301668912308
-0.00577974042323759
0.612580650845846
-0.138527947500471
-0.131833844004103
-0.270070080237816
0.385819710034004
0.322706766639217
-0.0197860301118997
-0.0646828396016996
0.393637813094560
0.118803871976647
-0.228076184466561
0.128861191410228
-0.116449506776894
0.408040133194525
0.0834685856844934
0.375374630700426
0.135084654607672
-0.261738228783206
0.292679614101152
0.616623007005101
-0.0974464311389244
-0.224863374442085
0.122210271001992
0.41831752778661
-0.286903916899567
-0.196889049645299
0.107063072528424
-0.170534336038678
-0.09719426566371
-0.247194290265232
-0.0373860030625444
0.0591146965672925
0.37620281847946
-0.0536526398098212
0.148843792390051
0.696048618888126
-0.375354169140834
0.370307799995527
-0.180794619479730
0.246851070588654
-0.254007997925918
-0.444275084663792
0.00401953745274679
-0.489433630653813
-0.484079892559539
0.066129075177118
-0.177665134647021
0.185587562829434
-0.302890802263786
0.140363335542694
-0.27866523643983
-0.277988097019351
0.563409164169041
0.208292189882508
-0.868742154165804
-0.0173964043883991
-0.201701962060101
0.371424639436473
-0.279581539262421
0.364066588976343
0.091623859333466
0.151687848116970
0.0212296978258969
-0.173051276512265
0.251615440965053
-0.0387956088658109
0.223910145412460
0.559086105758337
-0.0603642973515838
0.107118180396598
-0.0158814810744024
0.219087686727049
0.250207359786212
0.349807811054282
-0.00645119430647334
-0.328725520363360
0.0473840961218325
0.000202573990739242
0.0309669610779081
-0.146966235259484
0.108564388766422
-0.192942234879576
-0.0763880279708308
0.154090953428311
-0.174326541525355
0.233882023664516
0.43903332255142
0.0298952571809505
-0.471305011210521
-0.0907084183908199
-0.352369474243800
-0.207553645530060
0.0828853651519296
0.146672897506066
-0.0249765587311523
0.0276685109848055
-0.0510855709984976
0.0637226073886747
0.239273113137925
0.439752957865838
0.614732520343167
-0.0403194695714074
0.969516857071202
-0.654393588808434
0.121881649497549
0.0467304605747797
0.304440694693711
-0.00110686087695222
0.418254989774636
0.198936077264732
-0.324595629592381
-0.0977775691806793
-0.352713483010536
0.170701762706174
0.119287603320425
-0.646491498848948
-0.439926740103897
-0.00246784619475611
-0.139854729312535
0.172195433668088
-0.219589786697615
-0.0338398854202329
0.310541284474061
0.0282975718592986
-0.141218085798089
-0.0811210298396448
0.329858036573456
0.211636183196012
0.0346028186213464
-0.278065173867640
-0.0392293553316075
0.220349228790344
-0.0672203834531248
0.0754626739322429
-0.153185087348890
0.203750381130504
-0.458041006086448
0.404863532071111
-0.0489437448483478
0.0759034200128279
-0.0155518895755626
0.171827899188065
-0.44714883548406
-0.141576697246653
-0.15660690499603
-0.523422721524249
-0.156604207224240
0.466165483987674
-0.091137816949826
-0.203540422672259
-0.334313574388464
0.267388025206535
-0.152334509371863
-0.0922001761988895
0.0222614647963918
-0.233507211626284
-0.526420572907031
0.0797926677258899
-0.353133890814825
0.218814045424648
-0.0121649238066473
0.0081745404479986
0.303628058132639
0.827935775534286
-0.765182951292347
-0.174095537626134
0.332147693763252
-0.0709290880412797
0.234485420127098
-0.177809362127226
0.336290720460667
-0.352457630471909
-0.124867350121275
0.0634337926563944
0.27630347009394
0.239581568093566
0.419208482921418
-0.238392249661381
0.215798575974711
0.163628008181457
0.55226258633458
-0.0119258647753672
-0.141193440055296
-0.126661486608975
-0.0490793494998234
0.0270883637791069
-0.150437057917112
0.434808422117253
-0.0410991429781864
-0.301056144286263
0.420093728168511
-0.534897638024934
0.0508351518486343
0.210815897330175
0.444960256565402
-0.105417497240343
-0.672615851249127
-0.314750956203121
-0.258906957588868
-0.316945232832121
0.00203909208706354
0.0205048857351407
-0.193016304348240
-0.134710330492509
-0.136867062982435
0.180145674130635
0.108821732954254
0.0405178112579159
0.262423695454008
-0.212889817162021
-0.0490867970244561
0.171435891651664
0.096497560851731
0.475977204970591
-0.0815625547776731
0.237626996769351
-0.260319065055617
0.356872527561704
-0.280620780101891
-0.208886530984213
-0.0664879733292616
0.714508910128258
0.192809666812311
0.0467209833775754
-0.147096488907865
0.0862200955913705
-0.146651656918157
0.216619003851229
-0.134487897062131
-0.252992494810827
0.0966547110784056
-0.110864011034298
0.466968662680553
0.0489637812171048
-0.128933005018997
-0.179928962785812
0.447577321966174
0.0359666714261722
0.0682493856079691
0.231966447468431
-0.0752027800771397
0.451159509884283
0.525452129980811
-0.0169969562854789
-0.0396587736272988
0.0715065141396965
0.138256176650998
-0.464799687275255
0.378457890354869
0.0077150714929697
0.502459960522067
0.0436261578657247
0.0268133373927111
-0.0174208919986575
-0.683635663797769
0.451406204066917
0.445191765292809
-0.218619204707092
0.196562537106924
0.171230500680718
-0.202134991697932
-0.0569007405439412
0.0747754933842093
-0.201477769573275
0.287277120027332
0.101656704343935
0.595530989691676
0.0314213408366913
0.109580453698403
0.00789248616170976
-0.160227363364743
0.0729408191292166
0.46096494609879
0.292096912730167
-0.0831253935432512
-0.0749427642309075
0.213743966005982
0.166426640570516
0.653880944976052
-0.792856181225997
-0.00310286505970388
-0.390292481894824
-0.0291494364519675
0.56298642237511
-0.200880391606693
-0.654778470250998
-0.144955880901758
0.413804394537189
0.540727759735654
0.0980638061792499
-0.429672695138421
-0.35563867976423
-0.534266237924377
0.509835699663104
-0.0764623315736576
0.0451645538918131
0.273662544452637
-0.116729982528919
-0.69195348172358
-0.204938118933004
0.351252858948646
-0.0626011354849011
0.472666018189328
-0.0407787793281688
-0.0937668166624918
0.453096219507613
-0.314075333080513
0.0239710481902594
-0.94588023754222
0.732421334244245
0.359460747529692
0.391032526739486
0.214873992983417
-0.187776745006904
-0.734045888105473
-0.129986922968412
0.302244398741013
0.308806153676940
0.137303112572276
0.492427179558131
-0.375244005026947
-0.129471134591580
0.0246170946077642
-0.216758051952398
-0.171512433023751
0.210171485233135
0.139037427273793
0.0926989784425131
-0.155236550573243
0.228645425103122
-0.553149188384195
-0.119811841252482
-0.398845157017028
0.344735564526329
0.103766825832843
-0.452440586241365
0.246356608599903
0.336822889870769
0.0744389702641207
0.0955241381134191
-0.452381014771887
0.368139777239757
-0.0292075909681412
0.487079394295694
-0.139230335720933
-0.177936540920608
-0.369190374960639
0.00119076453116760
-0.276286619807544
-0.010530546295414
-0.42524015855847
-0.208681594596519
0.844920669917744
0.220643113629492
0.257060768941215
0.128018729560386
0.402922443810751
0.580764581246567
0.46910363073245
-0.154471442285097
-0.295130284052889
0.0186803685278264
-0.0583050493607301
0.021067307762337
0.12763237468292
0.47990611369809
-0.345948071238521
-0.312843244884344
-0.583079381847144
-0.623909401412487
0.0611371158687169
-0.219306659769867
-0.266776370241193
-0.195105174274628
0.0938416744392103
0.0126458018827881
0.705270008299693
0.0115229003183410
0.344122416870641
-0.452587686592724
-0.0656859947725663
0.075553653456083
-0.515663332868028
-0.717385240629127
-0.108612809717905
-0.490754187554933
0.376726186836369
-0.133390112470959
0.331703848920362
0.583225156430388
0.319131274928143
-0.253579385801417
0.0443868150689836
-0.143572011611932
-0.279936785032390
0.583599905224008
0.212544647709817
0.395961245514183
-0.256952649062076
0.617877636869084
0.277710456316851
0.175376525675187
-0.0784609919927669
0.0532041792979133
0.113484800671347
0.111299355633706
0.976142031801996
0.452809317325972
-0.0783131471315273
-0.216148046328344
-0.0849133029282979
-0.238886352332119
-0.274996043962124
-0.145360501418121
-0.642568970825956
0.530377989468589
0.255270847134006
0.0063585499216892
0.0541858943482383
-0.143470356950558
0.421208940763579
0.107171464824301
-0.106057327607794
-0.0873842315667837
-0.505341571227896
0.0564203251150124
0.680563729348632
-0.149196887759083
0.395896136122744
0.339859941850322
0.394937666101398
0.022366965364913
-0.0156672617720986
0.131637764837183
-0.225387668364721
0.330322076467919
0.134716628398783
0.00480698666519753
-0.255103777475342
0.527702985771172
0.0753643980301413
0.4996700249941
0.141007879439780
-0.060281524845564
-0.218606343430355
0.244954919597411
-0.137084705331659
-0.446527736105620
-0.125517242487437
0.0917906174301684
-0.347948772895743
0.0100653499812093
0.294218599168426
0.117956232869485
-0.29601875132446
-0.138923631497896
-0.239007464138921
0.0125195957174400
0.405205659191457
0.444734570524197
-0.245585217514889
-0.145859483974504
-0.163613279470519
0.332635878755150
-0.0580141873894433
-0.150104411289149
-0.294633400698717
-0.484733121664869
0.0810743888244545
-0.389616754433595
0.0315279756093654
0.4451535905972
-0.274637373712809
0.268778561218544
-0.04731941074785
-0.501283986208174
-0.349485558081186
-0.0509809311247895
0.0523446142435794
0.0137843259264337
0.087023959369407
0.256397950311325
-0.747604296903392
-0.0623122956283035
-0.0565008819395697
-0.326345034323636
0.0441081323205398
-0.00308362355581288
-0.316185494394679
0.410795708586842
-0.0176962466140888
0.253483152044247
-0.0176258521150733
-0.359292373421875
0.115132229915644
-0.146647644854254
0.0114972479342382
-0.324781754832141
0.0602720743451332
0.00556271285459616
0.736613895140687
-0.577237009354171
0.242545860047291
0.391224561660786
-0.116879894565615
0.221299212030164
-0.255054650892870
0.158022273188547
-0.108160177198095
-0.0918670188899285
-0.128072730358994
0.220094702287504
-0.0931370851900544
0.0484672455306165
0.37339867972924
0.109717101606470
-0.152625968744125
0.353869226273172
0.0437226486452248
0.610404987608154
0.629035699978717
-0.111542777833986
-0.165653439538226
-0.00232613243094108
-0.011114215326787
0.194874185028853
-0.612741733689209
0.371384502371076
0.0482037576471154
-0.108169250345594
-0.722518547236471
0.24526864362216
-0.166325497442241
-0.059632218162189
0.211944956073824
0.348918297450039
0.139113164984349
-0.147481795508060
0.468414818731235
-0.446033760022303
-0.171684142909647
0.220488599389836
0.0806066335708235
-0.535905193622974
0.121961188823945
0.0194854112489966
-0.124468203305875
-0.0708612978226186
0.0258444064525201
0.0887890107594742
-0.112008854434872
-0.0878471011959164
0.252067315404616
0.192474989397585
0.0607907282336496
-0.650258118583517
0.507352266521613
0.327702872328333
0.280692984735607
-0.209660620720386
-0.0209755685830661
-0.241271364519987
0.214892297179034
0.316342386925390
-0.576991252349533
-0.309944812939412
0.129819208402564
-0.296290700821582
-0.230728960721704
0.088800857144823
-0.238283026894776
0.314638491825575
-0.0847015096090316
-0.298888774849870
0.0465398211476531
-0.095378653023917
-0.680885466969575
0.248219170705864
-0.296540614889844
-0.0032741813255358
-0.424640518193197
0.196726472811897
-0.00179890486551787
0.254128171797118
-0.180230729386198
-0.128824808625697
0.298306958764645
-0.319735352267242
0.268856428110560
0.0307086354552137
0.140603830864388
-0.101055497746708
0.205301993735094
-0.105891878586822
0.603251168039802
-0.355050844519310
-0.248700366719087
0.218131920282825
0.360474788457935
-0.109438251669179
0.391846999632217
0.0299917148963164
0.113218692910808
-0.18158128603609
-0.094988511531978
-0.000197584578850897
-0.342895844867999
0.279530131496060
0.587574471967151
-0.617055619054224
-0.0704806201056135
-0.332880525918604
-0.203350710560478
0.252726533828333
-0.414422607417841
0.264664906876298
-0.0682713750218198
-0.265619713866274
0.249078746666463
-0.352428793359036
0.131014145216927
-0.316030046202133
-0.274644191779349
0.308516493710514
-0.368256955799329
-0.579975860701079
0.251463763186295
0.163448588979070
-0.169063950019556
0.679208225612969
-0.122435612206546
0.099164086878451
-0.676484192740134
-0.394435959569648
0.740927054932061
-0.170457818053242
-0.228278584269375
-0.114577412953100
0.0673574611697264
-0.636878424850539
-0.347827502723921
0.116147242498806
0.198321152294576
-0.323671413680445
0.0634979275181138
0.259980611484832
0.484412300959296
0.144716545536536
-0.203111419439522
-0.463857059982818
0.0173276516853859
0.0780746088492524
0.123828796971310
0.532750114453579
-0.387158798532707
-0.355996569329282
0.253943015665426
-0.363538990809322
-0.0696686270418479
-0.0917662369585979
-0.0555014257889571
-0.268209114995726
0.00636308585854771
0.195033200362256
0.205720434024051
0.426481877647353
-0.211008587007934
-0.406578873083438
-0.373507262493014
-0.273239967959744
0.213030820538280
0.38958914308426
-0.670674773922506
-0.121938506724569
-0.0356519317620534
0.0137259173039131
-0.455604235583909
-0.741191801506621
0.0560499491003807
0.0692910028776667
0.0152543748080255
-0.257141768082665
0.188119285432998
-0.0435352922374164
0.0116131133546939
0.35471155059972
0.206383824604561
0.209131643301737
-0.316051499148868
0.187707076721513
-0.00589539525580601
0.41203564706193
-0.0380284446998529
0.175129581557885
-0.0126468957091423
-0.0649463302833104
-0.0301685649038057
-0.410312596528598
0.19707151080414
-0.40690645653779
-0.0978936145138727
-0.0790777028224501
0.0276646257800207
0.318288844568933
-0.280867835285331
0.240429628036013
0.038229238409585
-0.325010620481325
-0.346769385582624
-0.262909455721842
-0.253626462516274
0.120154281603732
-0.210151595250419
-0.124648588910308
0.403569783560798
-0.224976373330833
-0.281505339681278
-0.308211334710627
-0.105551960333464
0.112880047639543
0.313448173606651
0.207198006484512
-0.194339259419626
-0.24774125380792
0.121284170291772
-0.559808449629652
0.573521476712867
0.169684199187347
-0.373421231020272
-0.335609441820739
0.0262716197720255
-0.181657011989879
0.103180141824105
-0.474052043520747
-0.212345283796374
0.0915476420702065
-0.0344919507579166
0.212294920287393
-0.306357382326006
-0.42105883945676
-0.202675322114881
0.103266631317270
-0.105946749568679
-0.0485538370626125
0.0731520386605461
-0.500373713430359
-0.0996640362486214
-0.431836393576237
-0.248393870971599
0.350171540107963
0.755936368079643
-0.125847299322867
0.0856822067581046
0.570497515203098
-0.400592284816144
-0.300773040458078
0.0975892901986895
-0.360771130101392
0.0295213544222486
-0.375001009553941
0.0564334504513109
0.344073375414873
-0.4420367168543
0.310045847178482
0.0383445833397271
-0.062322367916638
0.634041556753777
0.130498007410784
0.281169763166835
-0.520229322884944
-0.513332905848356
0.132660197912916
0.113384645101541
0.0339998599694616
0.481879208747496
0.189756950654008
-0.0786001087798298
-0.420892993325049
-0.277197770154236
0.114335687478468
0.255622924843341
-0.139903310213168
0.049781526731087
-0.173212292922701
0.712119779030277
-0.177660517234902
0.114467583962035
-0.312281398488109
-0.467550653989492
-0.117086362302318
-0.120460514201883
0.287861446675471
0.413873333620071
-0.123290388778081
-0.0239258703398540
0.173825551575791
0.636217134379525
0.0529460477255249
0.217533594916171
0.193844560933568
0.153502974158906
-0.344729648406672
0.0897623027591547
-0.197590140841776
-0.067501216671728
0.0220626216188721
0.229274592598791
0.465359251528397
0.0237975814315026
0.0549229513724063
-0.0700160567292862
0.338973365924783
0.146061945101191
-0.0288219079433026
0.0271493070835831
0.0511020237151399
0.392741745128563
0.156753796907421
0.0125771451588382
-0.240279240099167
-0.182929237229180
0.30997526680733
-0.161725979823066
-0.907446516999147
-0.284936320547115
0.480090933498911
-0.336977762031665
-0.279396380148398
0.356400484139978
0.233615003377378
0.213244958166108
0.113022453400657
0.158053197367519
-0.292624139482181
0.234434943333584
0.0246978646489296
-0.238186189190037
0.0365076748875453
-0.446447277323562
-0.133605493035459
-0.125125877338813
0.257564243522729
0.229080304768746
0.223999656409921
-0.709544694689545
-0.203118286194799
0.256898857603619
0.215036124107867
0.190382683256103
-0.612284564771256
-0.202855300951238
-0.177954054717996
0.0548600605711378
-0.248013620838025
0.120433546214592
-0.202676151109266
-0.150395723404532
0.207383983039332
-0.692692134649817
-0.256273585016111
-0.0713120871243811
-0.0443424226110139
-0.285450157955926
-0.4818839774714
0.419325440256797
-0.603212705869216
0.239886472945526
-0.6947256393375
0.202652019088365
0.375521003740439
-0.321168758374016
0.0743903038450606
0.0418490789181036
0.458387237128239
-0.106359824567700
0.0116432745313256
0.264089088155046
0.160100301084393
-0.166077130051480
0.0891752531034054
0.263014955302601
0.801098669506303
0.497213440388384
-0.367910099963696
-0.260504444491320
-0.332405691215643
-0.104372873498755
-0.321898595134688
-0.185836521766050
-0.262450946314473
-0.164487536146389
-0.186578218478407
-0.426815499143823
-0.0683701126777775
-0.128782302648486
-0.200418760518261
-0.0907342624163686
-0.0255866549840782
0.090297115037718
-0.0469145084630804
-0.499913912620582
-0.0368455441433047
0.163860573026648
0.262316440473594
-0.288411032453803
0.00152330282452062
-0.289664679275517
0.0216012961163208
0.539082244107038
-0.280786595202649
-0.0453144307353369
0.211851660350135
-0.344726114526912
-0.0258576372989516
0.093045100775863
0.220280624463939
-0.0799859822899677
-0.0182716999737817
-0.406312987309184
-0.2152525877331
0.190569464387458
0.078600642214705
-0.246029015841120
0.394884712391424
0.106256708905628
0.0356496662804111
-0.107152494552371
-0.0312259470793840
0.287448249669620
0.334328241346179
-0.222636631412838
-0.162202620053161
0.203672535705512
-0.247163813419232
-0.0468874194040449
-0.460461903315343
0.164506331479279
-0.0206577564773743
-0.170661059800555
0.195069200636779
0.430167212477145
-0.118734121614992
-0.195731454595161
-0.341656341289716
0.230752759926799
-0.130781985424460
0.608571952767758
0.141650537061168
0.213614167849714
-0.0701883241662297
-0.757584873410802
-0.132196308300130
0.272117837818542
-0.0397381034790614
0.043612421791495
0.47243501387258
-0.126733849278100
-0.242841095501912
-0.567527076088402
-0.305559377185397
-0.518858234537911
-0.0591460879632252
0.0244770940518461
-0.0928537733614352
0.433760771062708
-0.102279653461892
0.0317237156381253
