0.66
0.35
1.34
0.28
2.35
0.42
0.66
1.61
0.52
0.41
0.36
0.14
1.65
0.45
0.78
0.34
0.9
0.2
0.24
1.03
0.34
0.39
0.42
0.21
0.37
0.9
2.25
0.37
0.2
2.45
0.37
0.16
0.32
3.05
0.06
0.24
0.5
0.65
0.62
0.53
0.23
0.25
1.1
0.37
0.36
0.72
0.68
0.52
0.41
0.26
0.44
0.84
0.34
1.74
0.35
0.33
0.56
0.62
2.03
1.42
0.56
0.71
2.24
0.29
0.34
0.31
1.96
0.36
0.1
0.97
2.96
0.55
0.23
0.27
0.26
0.46
0.31
0.91
0.25
0.5
0.88
0.44
0.25
1.06
0.89
0.32
0.25
0.52
0.21
0.56
0.52
1.17
0.07
1
0.53
0.8
1.1
2.95
0.23
1.69
0.31
1.55
0.14
1.21
1.08
0.57
1
0.95
0.46
0.49
1.84
0.72
1.91
0.22
0.23
1.24
0.3
1.39
1.38
0.53
0.34
0.65
2.47
0.05
0.63
0.23
0.22
0.36
0.21
0.31
3.18
0.33
0.26
0.2
0.19
0.36
0.58
0.21
0.58
0.08
0.74
0.97
0.69
0.9
0.52
0.33
0.55
0.5
0.71
0.45
0.28
0.71
0.58
0.06
1.37
1.14
1.41
0.54
0.3
0.61
0.32
0.17
0.68
0.44
0.41
0.41
0.14
0.69
0.43
0.59
0.46
0.91
0.41
1.07
0.25
0.74
0.45
0.42
0.73
0.45
0.07
0.69
2.82
0.26
0.61
1.62
0.4
0.87
0.68
1.26
1.05
0.25
0.21
0.64
0.58
0.92
0.29
0.36
1.05
0.43
0.15
0.56
0.33
0.52
0.2
0.6
0.64
0.64
0.11
0.49
0.54
0.14
0.76
0.35
0.25
0.1
0.31
0.64
0.46
0.82
0.92
0.63
0.63
0.46
0.9
1.06
0.6
0.43
0.6
0.29
0.4
2.54
0.82
0.76
0.59
0.28
0.31
1.1
0.29
1.15
1.06
1.95
0.66
0.93
0.71
0.19
0.52
0.94
0.38
0.34
3.57
0.53
0.59
0.91
0.86
1.54
1.01
0.36
1.04
0.44
0.51
0.98
0.47
0.52
0.25
0.68
0.22
0.33
0.2
0.34
0.67
0.62
1.11
0.52
1.03
0.2
0.54
0.33
0.93
2.29
0.6
1.52
0.67
1.29
3.53
3.13
1.07
0.48
0.67
1.01
0.14
1.43
1.16
0.16
3.97
0.85
0.7
0.25
0.64
1.46
0.85
1.51
0.57
0.59
1.45
0.9
0.53
0.79
1.1
1.05
0.65
0.47
0.5
0.54
0.9
1.35
1.94
1.13
0.27
1.35
0.36
2.06
0.94
0.77
1.77
0.2
0.7
2.01
1.72
0.26
0.11
1.04
0.35
0.99
0.35
0.38
0.82
0.58
1.26
0.93
3.67
0.77
0.92
3.28
0.51
2.52
0.27
0.28
0.11
0.29
1.01
0.74
2.78
0.99
0.67
0.63
1.82
2.29
0.8
0.35
2.65
0.28
1.04
1.55
0.87
1.36
1.99
1.27
0.46
1.12
0.97
0.72
0.99
0.47
1.01
0.06
3.34
0.8
0.76
0.42
0.61
1.08
0.62
0.42
1.83
0.96
2.36
0.22
1.28
0.38
0.49
0.27
0.3
0.34
0.25
0.68
0.13
0.86
1.65
0.37
0.81
0.36
1.77
0.44
0.25
0.14
0.35
1.12
1.04
0.31
1.08
0.25
0.39
0.94
0.63
0.41
1.22
0.35
0.86
0.38
0.37
1.75
1.51
0.32
2.5
0.57
0.24
0.35
0.3
0.74
0.29
0.86
0.35
0.59
0.5
0.27
1.29
0.8
0.58
1.29
0.15
0.6
0.35
0.53
0.71
0.64
1.4
1.97
0.47
0.94
1.13
0.1
0.75
1.47
0.1
0.52
0.21
0.5
0.31
0.3
0.77
1.83
0.36
0.36
0.37
0.97
0.17
0.29
0.35
0.72
0.83
0.54
0.05
0.4
1.29
0.29
0.46
0.29
0.35
0.16
0.48
0.68
0.82
0.61
0.73
0.6
1.48
0.28
0.26
0.29
0.7
0.17
0.25
0.63
1.23
0.25
0.74
0.27
0.11
1.94
3.11
0.59
0.27
0.47
1.71
0.24
0.63
0.2
0.33
0.27
0.15
1.08
0.51
0.18
0.22
0.3
1.01
0.91
0.41
0.31
0.3
1.26
1.14
0.36
0.38
0.55
0.33
2.97
0.54
0.94
0.18
0.43
0.1
0.75
1.27
0.92
0.37
0.25
0.51
0.65
0.08
0.36
0.26
1.19
0.52
0.3
0.63
0.26
1.34
1.11
0.26
0.28
0.42
0.15
0.33
0.71
0.43
0.28
0.58
0.42
0.13
1
0.62
0.44
1.18
0.4
0.27
3.94
0.46
0.37
0.1
0.09
0.66
0.45
0.26
1.59
1.37
0.19
0.58
0.44
1.52
0.35
3.76
0.34
2.3
0.28
0.26
0.69
0.74
0.61
0.2
0.68
0.63
0.5
0.47
0.09
0.41
0.17
0.59
0.99
0.52
1.32
0.46
