2.006879 -0.2268492 1.890727 -1.153197 0.3944078
2.743501 2.487419 0.2951412 0.7934735 0.4600592
1.552909 -0.2022141 2.388844 0.2271808 -0.2950435
1.099777 -0.2572169 -1.167590 0.405598 -0.2935125
0.5791502 3.136606 -0.7891322 -1.282106 0.2848313
-0.1330181 -0.5314661 1.897926 -0.05381629 1.188219
1.625147 3.414554 0.3951068 -0.230032 -0.5250231
0.6615464 -2.928743 1.099806 1.226490 -1.376977
-0.05178148 1.715508 2.239324 -1.036840 -2.045569
-1.65954 2.619955 -0.08479808 -0.975992 2.478588
-2.313392 -0.1770712 -1.907591 0.1841094 -1.141899
-0.5009676 -0.2420756 0.06730158 0.3874857 0.5478986
2.213903 2.189460 -1.070586 -1.870744 0.7987168
-0.8360793 -1.959100 -1.252753 1.759544 -0.9226977
0.8766558 2.311781 -3.313343 1.062545 -0.3195919
0.3042369 0.9409683 -0.5947766 2.163069 -0.1689063
-1.223707 -1.810077 1.386167 -0.394291 -0.9771201
1.146264 -1.460027 -3.240579 1.085759 0.3133025
0.2141994 -0.6505451 -0.1510428 -0.2342987 -1.773797
-1.144630 1.174765 1.309213 0.7664747 1.787016