0.1038289 0.3533214 0.1014310 0.2424305 0.2867657
0.03533188 0.05163907 0.2651248 0.2170006 0.2884420
0.1078591 0.2606504 0.05105567 0.2757215 0.2645058
0.2217668 0.3388754 0.2164864 0.2695472 0.2741463
0.2866593 0.04440989 0.2414763 0.2108545 0.2793828
0.2949831 0.2245212 0.1514190 0.2481674 0.1910602
0.1335043 -0.01468654 0.3130387 0.2516776 0.2702770
0.2424262 0.07347472 0.2281658 0.1755389 0.1658807
0.2703876 0.0894884 0.07536626 0.1193211 0.1386899
0.1327764 0.0727243 0.3048157 0.2123426 0.07378352
0.1013665 0.2840817 0.1198528 0.2642116 0.1752287
0.2489291 0.2707032 0.2530545 0.2392053 0.2814805
0.05941905 0.1310222 0.2228391 0.1342253 0.2064085
0.2289960 0.1352812 0.1950962 0.09208325 0.2782777
0.2571315 0.09761029 -0.01681855 0.1912946 0.2737217
0.2880401 0.2836534 0.2475034 0.09244069 0.2785582
0.1948887 0.07988445 0.1476817 0.3009588 0.2163944
0.2279828 0.2050485 -0.0002610982 0.2259968 0.2781358
0.2963185 0.2362501 0.283166 0.2563571 0.1533870
0.2203295 0.2457053 0.1834402 0.2836097 0.1774111