1.473704 2.008709 1.344134 2.171327 1.850033
1.032459 2.840854 2.107887 2.441320 1.952484
0.9229124 2.157194 1.960290 0.2974972 2.576979
0.9973513 1.688748 1.914682 1.446535 1.445264
2.737284 0.5731154 1.723324 1.253596 0.8760426
2.730599 1.979334 0.2101349 0.7337382 2.252967
2.539378 1.352185 2.679885 1.888068 1.949776
2.148129 0.6696876 1.603117 1.492705 1.801717
0.6889853 1.294905 1.140970 0.7576305 0.5646401
0.02867058 1.69915 2.422189 0.2308996 2.214396
1.540145 2.886543 0.9174034 1.893356 1.401470
3.062944 2.624372 2.069653 1.700215 2.372708
0.4326881 0.3172272 3.081327 2.855173 2.591409
1.357609 0.9059178 2.74188 0.1961145 1.150886
1.69152 2.812175 2.179262 2.707809 0.2553680
3.023901 2.314721 0.9441266 2.832651 3.028498
3.069378 0.9745524 2.274267 2.848255 1.887909
2.034817 1.44779 1.552167 2.970907 2.436667
1.319225 0.6279357 1.131885 1.229581 1.538428
2.150511 0.493017 2.848505 1.820744 3.116423