X

1.473704 2.008709 1.344134 2.171327 1.850033
1.032459 2.840854 2.107887 2.441320 1.952484
0.9229124 2.157194 1.960290 0.2974972 2.576979
0.9973513 1.688748 1.914682 1.446535 1.445264
2.737284 0.5731154 1.723324 1.253596 0.8760426
2.730599 1.979334 0.2101349 0.7337382 2.252967
2.539378 1.352185 2.679885 1.888068 1.949776
2.148129 0.6696876 1.603117 1.492705 1.801717
0.6889853 1.294905 1.140970 0.7576305 0.5646401
0.02867058 1.69915 2.422189 0.2308996 2.214396
1.540145 2.886543 0.9174034 1.893356 1.401470
3.062944 2.624372 2.069653 1.700215 2.372708
0.4326881 0.3172272 3.081327 2.855173 2.591409
1.357609 0.9059178 2.74188 0.1961145 1.150886
1.69152 2.812175 2.179262 2.707809 0.2553680
3.023901 2.314721 0.9441266 2.832651 3.028498
3.069378 0.9745524 2.274267 2.848255 1.887909
2.034817 1.44779 1.552167 2.970907 2.436667
1.319225 0.6279357 1.131885 1.229581 1.538428
2.150511 0.493017 2.848505 1.820744 3.116423

Y


1.387899 0.7962601 1.580054 0.8170619 0.953771
1.839105 1.096881 0.7869033 0.9369813 0.8339275
1.915625 0.7940773 0.832995 2.160425 1.03597
1.795774 1.112062 0.873362 1.48771 1.425659
1.138444 1.899792 1.06393 1.644592 1.934790
1.148875 0.8205951 2.020601 1.915618 0.81254
1.036788 1.529129 1.126740 0.8998389 0.8454916
0.7898362 1.91506 1.247741 1.353508 0.9816839
1.947060 1.620882 1.729737 1.874700 2.038428
1.987338 1.108082 0.9429825 2.062643 0.8177672
1.338588 1.129511 1.908142 0.8868471 1.482674
1.008554 1.081115 0.7927456 1.059828 0.8932243
2.02179 2.110768 0.9915485 1.098449 1.075412
1.50274 1.922522 1.164896 2.023544 1.740601
1.081209 1.159625 0.7835265 1.110605 1.953081
1.028390 0.8200713 1.838066 1.150092 1.027466
0.996251 1.891254 0.8455688 1.144036 0.8678075
0.7757478 1.457415 1.288990 1.075550 0.9066711
1.512597 2.045604 1.750454 1.672649 1.291955
0.7940928 1.883717 1.094746 0.9396968 0.9830871