1.387899 0.7962601 1.580054 0.8170619 0.953771
1.839105 1.096881 0.7869033 0.9369813 0.8339275
1.915625 0.7940773 0.832995 2.160425 1.03597
1.795774 1.112062 0.873362 1.48771 1.425659
1.138444 1.899792 1.06393 1.644592 1.934790
1.148875 0.8205951 2.020601 1.915618 0.81254
1.036788 1.529129 1.126740 0.8998389 0.8454916
0.7898362 1.91506 1.247741 1.353508 0.9816839
1.947060 1.620882 1.729737 1.874700 2.038428
1.987338 1.108082 0.9429825 2.062643 0.8177672
1.338588 1.129511 1.908142 0.8868471 1.482674
1.008554 1.081115 0.7927456 1.059828 0.8932243
2.02179 2.110768 0.9915485 1.098449 1.075412
1.50274 1.922522 1.164896 2.023544 1.740601
1.081209 1.159625 0.7835265 1.110605 1.953081
1.028390 0.8200713 1.838066 1.150092 1.027466
0.996251 1.891254 0.8455688 1.144036 0.8678075
0.7757478 1.457415 1.288990 1.075550 0.9066711
1.512597 2.045604 1.750454 1.672649 1.291955
0.7940928 1.883717 1.094746 0.9396968 0.9830871